New Report																																																						
----------																																																						
	Ap [µm²]	Ap [µm²]	CIT [%]	CIT [%]	E* [MPa]	E* [MPa]	EIT [MPa]	EIT [MPa]	Epsilon	Epsilon	Er [MPa]	Er [MPa]	F/S² [µm²/µN]	F/S² [µm²/µN]	Fmax [µN]	Fmax [µN]	HIT [kPa]	HIT [kPa]	HVIT [Vickers]	HVIT [Vickers]	Poisson's ratio (?)	Poisson's ratio (?)	R2	R2	RIT [%]	RIT [%]	S [µN/µm]	S [µN/µm]	Welast [pJ]	Welast [pJ]	Wplast [pJ]	Wplast [pJ]	Wtotal [pJ]	Wtotal [pJ]	hc [µm]	hc [µm]	hmax [µm]	hmax [µm]	hp [µm]	hp [µm]	hr [µm]	hr [µm]	m	m	nIT [%]	nIT [%]	Temperature [°C]	Temperature [°C]	X position [mm]	X position [mm]	Y position [mm]	Y position [mm]	Z position [mm]	Z position [mm]
	Oliver & Pharr	Oliver & Pharr	Oliver & Pharr	Oliver & Pharr	Oliver & Pharr	Oliver & Pharr	Oliver & Pharr	Oliver & Pharr	Oliver & Pharr	Oliver & Pharr	Oliver & Pharr	Oliver & Pharr	Oliver & Pharr	Oliver & Pharr	Oliver & Pharr	Oliver & Pharr	Oliver & Pharr	Oliver & Pharr	Oliver & Pharr	Oliver & Pharr	Oliver & Pharr	Oliver & Pharr	Oliver & Pharr	Oliver & Pharr	Oliver & Pharr	Oliver & Pharr	Oliver & Pharr	Oliver & Pharr	Oliver & Pharr	Oliver & Pharr	Oliver & Pharr	Oliver & Pharr	Oliver & Pharr	Oliver & Pharr	Oliver & Pharr	Oliver & Pharr	Oliver & Pharr	Oliver & Pharr	Oliver & Pharr	Oliver & Pharr	Oliver & Pharr	Oliver & Pharr	Oliver & Pharr	Oliver & Pharr	Oliver & Pharr	Oliver & Pharr								
	Calibration	Matrix	Calibration	Matrix	Calibration	Matrix	Calibration	Matrix	Calibration	Matrix	Calibration	Matrix	Calibration	Matrix	Calibration	Matrix	Calibration	Matrix	Calibration	Matrix	Calibration	Matrix	Calibration	Matrix	Calibration	Matrix	Calibration	Matrix	Calibration	Matrix	Calibration	Matrix	Calibration	Matrix	Calibration	Matrix	Calibration	Matrix	Calibration	Matrix	Calibration	Matrix	Calibration	Matrix	Calibration	Matrix	Calibration	Matrix	Calibration	Matrix	Calibration	Matrix	Calibration	Matrix
Measurement 1	0	54026.594	0	73.068	0	1.802	0	1.639	0	0.727	0	1.802	0	0.002	0	501.11	0	9.275	0	0.001	0	0.3	-1	1.129	0	-5.156	0	472.507	0	443.035	0	5105.01	0	5548.045	0	17.504	0	18.275	0	-9.284	0	17.214	0	25.986	0	7.985	0	0	10.866	11.414	38.721	36.92	15.345	8.819
Measurement 2		68752.797		59.741		1.59		1.447		0.727		1.59		0.002		497.976		7.243		0.001		0.3		1.217		-4.96		470.515		463.687		6195.151		6658.839		22.386		23.155		-14.924		22.097		35.98		6.963		0		11.435		37.265		8.785
Measurement 3		221974.375		107.83		0.296		0.269		0.727		0.296		0.02		501.278		2.258		0		0.3		1.119		-9.792		157.402		1260.473		26571.32		27831.793		76.51		78.826		-9.963		75.641		27.88		4.529		0		11.435		38.47		9.212
Measurement 4		106200.414		73.358		1.194		1.086		0.727		1.194		0.003		498.692		4.696		0		0.3		1.45		-6.516		439.035		442.413		10340.767		10783.18		35.032		35.858		-19.215		34.722		48.484		4.103		0		11.435		36.06		9.194
Measurement 5		74108.578		58.495		1.021		0.93		0.727		1.021		0.005		497.292		6.71		0.001		0.3		1.073		-5.419		313.76		629.495		6629.007		7258.502		24.174		25.326		-5.808		23.741		19.644		8.673		0		10.915		37.265		8.811
Measurement 6		92613.641		94.98		1.507		1.371		0.727		1.507		0.002		501.412		5.414		0.001		0.3		1.349		-5.2		517.523		371.669		10149.142		10520.812		30.404		31.109		-11.779		30.14		44.266		3.533		0		11.965		37.265		8.994
Measurement 7		76549.156		82.242		1.015		0.924		0.727		1.015		0.005		499.969		6.531		0.001		0.3		1.063		-6.198		316.873		624.789		7963.222		8588.011		24.991		26.138		-3.087		24.56		18.522		7.275		0		10.985		37.76		8.879
Measurement 8		112444.031		98.698		1.045		0.951		0.727		1.045		0.003		496.507		4.416		0		0.3		1.278		-6.816		395.57		495.291		12162.835		12658.126		37.174		38.086		-12.087		36.831		39.974		3.913		0		11.775		37.76		8.949
Measurement 9		77797.422		65.391		1.424		1.296		0.727		1.424		0.002		501.321		6.444		0.001		0.3		1.227		-5.136		448.078		445.251		7357.92		7803.171		25.409		26.223		-14.57		25.104		36.46		5.706		0		11.095		36.6		8.947
Measurement 10		84544.633		102.641		1.648		1.5		0.727		1.648		0.002		501.887		5.936		0.001		0.3		1.52		-4.941		540.641		352.243		9467.777		9820.021		27.677		28.352		-18.366		27.424		50.325		3.587		0		11.795		36.6		9.062
Measurement 11		70844.914		74.153		1.306		1.188		0.727		1.306		0.003		502.005		7.086		0.001		0.3		1.151		-5.485		392.155		545.386		7204.421		7749.807		23.083		24.014		-13.895		22.734		29.613		7.037		0		11.435		37.365		8.786
Measurement 12		82762.164		51.235		1.323		1.204		0.727		1.323		0.003		498.655		6.025		0.001		0.3		1.125		-4.617		429.544		465.283		6691.61		7156.894		27.077		27.921		-5.589		26.76		28.866		6.501		0		11.435		37.465		8.798
Measurement 13		78827.211		64.309		1.359		1.237		0.727		1.359		0.003		501.253		6.359		0.001		0.3		1.144		-5.772		430.657		470.611		6923.333		7393.945		25.755		26.601		-8.08		25.437		29.797		6.365		0		11.435		37.565		8.816
Measurement 14		62596.066		96.71		1.66		1.511		0.727		1.66		0.002		498.756		7.968		0.001		0.3		1.147		-4.545		468.711		426.071		6759.486		7185.557		20.339		21.112		-10.208		20.048		29.433		5.93		0		11.435		37.665		8.839
Measurement 15		72366.055		74.418		1.628		1.481		0.727		1.628		0.002		502.299		6.941		0.001		0.3		1.136		-5.155		494.109		414.504		7131.547		7546.051		23.591		24.33		-6.323		23.314		30.153		5.493		0		11.435		37.765		8.87
Measurement 16		79588.188		80.587		1.375		1.251		0.727		1.375		0.003		499.495		6.276		0.001		0.3		1.158		-5.331		437.616		469.273		7924.744		8394.017		26.01		26.84		-9.352		25.699		31.709		5.591		0		11.435		37.865		8.905
Measurement 17		90795.938		83.674		1.174		1.068		0.727		1.174		0.003		496.859		5.472		0.001		0.3		1.155		-6.452		399.075		500.237		9164.939		9665.176		29.789		30.694		-8.044		29.449		31.114		5.176		0		11.435		37.965		8.945
Measurement 18		119422.336		66.123		0.806		0.734		0.727		0.806		0.005		496.463		4.157		0		0.3		1.118		-5.919		314.417		614.827		10771.43		11386.257		39.58		40.728		-4.354		39.149		28.551		5.4		0		11.435		38.065		8.989
Measurement 19		133873.078		71.739		0.647		0.589		0.727		0.647		0.007		495.808		3.704		0		0.3		1.09		-7.438		267.181		743.316		13041.022		13784.338		44.603		45.952		-0.368		44.096		24.961		5.392		0		11.435		38.165		9.037
Measurement 20		140702.703		84.691		0.557		0.507		0.727		0.557		0.009		500.347		3.556		0		0.3		1.093		-6.993		235.802		853.977		14542.516		15396.493		46.996		48.538		-5.189		46.416		25.32		5.547		0		11.435		38.265		9.096
Measurement 21		168907.219		89.984		0.407		0.371		0.727		0.407		0.014		499.545		2.958		0		0.3		1.09		-8.45		188.867		1062.275		17955.771		19018.045		57.016		58.938		-3.885		56.294		23.752		5.586		0		11.435		38.365		9.158
Measurement 22		196323.172		109.663		0.302		0.275		0.727		0.302		0.022		498.03		2.537		0		0.3		1.112		-10.418		151.134		1328.7		22661.568		23990.27		66.978		69.373		-17.123		66.078		26.248		5.538		0		11.435		38.465		9.236
Measurement 23		83870.789		45.454		0.889		0.809		0.727		0.889		0.006		501.137		5.975		0.001		0.3		1.182		-6.23		290.529		862.374		7075.151		7937.525		27.45		28.704		-23.736		26.98		30.402		10.865		0		11.435		37.165		8.787
Measurement 24		86399.461		38.658		0.737		0.67		0.727		0.737		0.008		501.472		5.804		0.001		0.3		1.212		-5.512		244.326		1014.978		6856.979		7871.958		28.303		29.795		-36.394		27.743		32.249		12.894		0		11.435		37.065		8.8
Measurement 25		81895.391		44.302		0.889		0.809		0.727		0.889		0.006		498.468		6.087		0.001		0.3		1.203		-5.853		286.984		874.472		6748.856		7623.329		26.786		28.048		-29.165		26.311		32.94		11.471		0		11.435		36.965		8.818
Measurement 26		83486.859		46.756		1.007		0.916		0.727		1.007		0.005		500.175		5.991		0.001		0.3		1.133		-5.926		328.27		700.706		7087.574		7788.28		27.321		28.429		-13.273		26.905		27.369		8.997		0		11.435		36.865		8.84
Measurement 27		84999.609		51.818		0.896		0.816		0.727		0.896		0.006		499.126		5.872		0.001		0.3		1.086		-6.547		294.925		753.307		7225.597		7978.904		27.831		29.061		-7.802		27.369		21.782		9.441		0		11.435		36.765		8.873
Measurement 28		72548.375		66.658		1.323		1.204		0.727		1.323		0.003		498.449		6.871		0.001		0.3		1.162		-5.35		402.046		538.858		6940.133		7478.992		23.652		24.554		-14.203		23.314		31.261		7.205		0		11.435		36.665		8.913
Measurement 29		76671.203		70.505		1.324		1.205		0.727		1.324		0.003		499.918		6.52		0.001		0.3		1.196		-6.335		413.74		512.48		7496.062		8008.542		25.032		25.91		-15.146		24.702		33.979		6.399		0		11.435		36.565		8.957
Measurement 30		70141.32		96.933		1.766		1.607		0.727		1.766		0.002		500.767		7.139		0.001		0.3		1.353		-5.252		527.82		382.322		7658.462		8040.784		22.849		23.538		-18.703		22.59		44.523		4.755		0		11.435		36.465		9.009
Measurement 31		70985.445		114.515		2.259		2.055		0.727		2.259		0.001		500.133		7.046		0.001		0.3		1.925		-4.987		679.038		272.538		8275.255		8547.794		23.13		23.666		-21.236		22.929		60.964		3.188		0		11.435		36.365		9.06
Measurement 32		74260.07		100.341		3.46		3.149		0.727		3.46		0		499.734		6.73		0.001		0.3		1.394		-5.608		1063.948		153.272		7953.957		8107.229		24.225		24.566		4.191		24.096		43.379		1.891		0		11.435		36.265		9.111
Measurement 33		90912.352		70.228		1.72		1.565		0.727		1.719		0.001		497.44		5.472		0.001		0.3		1.788		-6.309		585.017		326.06		8913.282		9239.343		29.828		30.446		-17.105		29.596		55.923		3.529		0		11.435		36.165		9.155
Measurement 34		86791.539		77.386		1.344		1.223		0.727		1.344		0.002		497.734		5.735		0.001		0.3		1.28		-6.719		446.664		464.89		8769.946		9234.836		28.435		29.245		-15.153		28.131		39.843		5.034		0		11.435		36.065		9.206
Measurement 35		69827.703		70.856		1.506		1.37		0.727		1.506		0.002		503.011		7.204		0.001		0.3		1.174		-5.858		449.009		476.118		6781.161		7257.279		22.744		23.559		-13.731		22.438		33.286		6.561		0		11.535		37.265		8.815
Measurement 36		68099.656		85.741		1.484		1.35		0.727		1.484		0.003		497.698		7.308		0.001		0.3		1.181		-5.774		436.938		478.888		7026.843		7505.731		22.168		22.996		-13.312		21.857		31.876		6.38		0		11.535		37.365		8.818
Measurement 37		82728.328		68.191		1.128		1.027		0.727		1.128		0.004		498.236		6.023		0.001		0.3		1.115		-5.242		366.153		560.548		7689.598		8250.146		27.066		28.055		-8.523		26.694		26.881		6.794		0		11.535		37.465		8.824
Measurement 38		82702.391		65.189		1.109		1.01		0.727		1.109		0.004		499.437		6.039		0.001		0.3		1.145		-6.363		359.995		582.228		7583.285		8165.513		27.057		28.066		-12.457		26.678		29.209		7.13		0		11.535		37.565		8.841
Measurement 39		70262.641		83.398		1.432		1.304		0.727		1.432		0.003		501.927		7.144		0.001		0.3		1.141		-5.163		428.457		474.589		7227.318		7701.907		22.889		23.741		-10.68		22.569		29.382		6.162		0		11.535		37.665		8.864
Measurement 40		72548.352		94.773		1.381		1.257		0.727		1.381		0.003		500.237		6.895		0.001		0.3		1.139		-5.992		419.683		483.275		7807.71		8290.985		23.652		24.519		-9.938		23.327		28.908		5.829		0		11.535		37.765		8.892
Measurement 41		98684.359		67.983		1.06		0.965		0.727		1.06		0.004		501.467		5.082		0.001		0.3		1.155		-5.411		375.756		528.473		9195.698		9724.171		32.466		33.436		-9.272		32.102		32.002		5.435		0		11.535		37.865		8.922
Measurement 42		103445.047		83.119		0.859		0.782		0.727		0.859		0.005		497.212		4.807		0		0.3		1.134		-6.103		311.807		646.9		10845.327		11492.228		34.09		35.249		-11.084		33.654		29.056		5.629		0		11.535		37.965		8.958
Measurement 43		120838.367		83.224		0.651		0.593		0.727		0.651		0.008		501.763		4.152		0		0.3		1.091		-6.326		255.48		774.819		12278.047		13052.865		40.07		41.497		-6.408		39.533		24.392		5.936		0		11.535		38.065		8.999
Measurement 44		130453.703		79.249		0.537		0.489		0.727		0.537		0.01		496.847		3.809		0		0.3		1.086		-6.968		218.832		912.886		13013.961		13926.847		43.409		45.06		-7.539		42.789		23.166		6.555		0		11.535		38.165		9.049
Measurement 45		159645.766		78.002		0.429		0.391		0.727		0.429		0.013		496.918		3.113		0		0.3		1.097		-7.937		193.559		1037.891		15511.841		16549.732		53.701		55.567		-7.59		53		24.601		6.271		0		11.535		38.265		9.1
Measurement 46		172673.016		92.869		0.404		0.368		0.727		0.404		0.014		498.407		2.886		0		0.3		1.098		-8.297		189.411		1038.056		18952.248		19990.305		58.371		60.284		-8.941		57.652		26.308		5.193		0		11.535		38.365		9.158
Measurement 47		63010.836		66.574		1.702		1.549		0.727		1.702		0.002		502.481		7.975		0.001		0.3		1.162		-4.58		482.169		442.992		5788.742		6231.735		20.476		21.234		-11.005		20.192		30.936		7.109		0		11.535		37.165		8.822
Measurement 48		67487.805		54.87		1.568		1.427		0.727		1.568		0.002		503.287		7.457		0.001		0.3		1.161		-5.255		459.573		476.648		5933.393		6410.041		21.964		22.761		-12.032		21.666		31.77		7.436		0		11.535		37.065		8.834
Measurement 49		61995.359		59.579		1.635		1.488		0.727		1.635		0.002		501.452		8.089		0.001		0.3		1.136		-4.757		459.26		452.999		5581.771		6034.77		20.139		20.933		-9.578		19.841		27.944		7.506		0		11.535		36.965		8.851
Measurement 50		58615.18		78.34		1.523		1.386		0.727		1.523		0.003		498.235		8.5		0.001		0.3		1.159		-5.013		416.195		507.437		5928.696		6436.132		19.02		19.89		-15.369		18.693		29.453		7.884		0		11.535		36.865		8.872
Measurement 51		63245.496		75.679		1.525		1.388		0.727		1.525		0.003		501.657		7.932		0.001		0.3		1.16		-4.726		432.774		495.06		6347.589		6842.649		20.554		21.397		-13.566		20.238		30.162		7.235		0		11.535		36.765		8.902
Measurement 52		61765.25		85.62		1.629		1.482		0.727		1.629		0.002		500.869		8.109		0.001		0.3		1.177		-4.896		456.852		452.674		6638.733		7091.408		20.063		20.86		-14.163		19.764		31.945		6.383		0		11.535		36.665		8.939
Measurement 53		74768.195		78.741		1.302		1.185		0.727		1.302		0.003		501.978		6.714		0.001		0.3		1.175		-6		401.728		514.182		7269.894		7784.076		24.395		25.303		-14.872		24.053		32.152		6.606		0		11.535		36.565		8.982
Measurement 54		79810.266		85.519		1.492		1.357		0.727		1.492		0.002		500.809		6.275		0.001		0.3		1.261		-5.368		475.513		416.325		8224.029		8640.355		26.085		26.85		-14.192		25.797		38.97		4.818		0		11.535		36.465		9.029
Measurement 55		84803.133		87.237		1.838		1.672		0.727		1.838		0.001		499.438		5.889		0.001		0.3		2.126		-5.396		603.824		316.178		9068.677		9384.854		27.765		28.366		-25.224		27.539		64.791		3.369		0		11.535		36.365		9.081
Measurement 56		70056.594		119.423		3.662		3.332		0.727		3.661		0		499.709		7.133		0.001		0.3		0.609		-4.224		1093.545		122.539		8038.072		8160.612		22.82		23.153		22.038		22.696		2.439		1.502		0		11.535		36.265		9.133
Measurement 57		62278.324		93.222		1.66		1.511		0.727		1.66		0.002		501.359		8.05		0.001		0.3		1.165		-4.995		467.484		447.214		6587.185		7034.398		20.233		21.013		-12.441		19.94		31.194		6.358		0		11.635		37.265		8.849
Measurement 58		73313.797		76.39		1.45		1.319		0.727		1.45		0.003		497.078		6.78		0.001		0.3		1.159		-5.011		442.969		456.33		7030.11		7486.44		23.908		24.724		-10.862		23.602		31.712		6.095		0		11.635		37.365		8.852
Measurement 59		93948.297		58.182		1.015		0.924		0.727		1.015		0.004		501.767		5.341		0.001		0.3		1.133		-5.132		351.053		598.068		8083.247		8681.315		30.857		31.896		-9.051		30.467		28.648		6.889		0		11.635		37.465		8.857
Measurement 60		89920.852		59.183		1.003		0.912		0.727		1.003		0.004		498.531		5.544		0.001		0.3		1.138		-5.683		339.271		614.662		7799.272		8413.935		29.493		30.561		-12.701		29.091		29.441		7.305		0		11.635		37.565		8.874
Measurement 61		69050.148		102.149		1.419		1.291		0.727		1.419		0.003		498.638		7.221		0.001		0.3		1.171		-5.048		420.644		484.696		7514.174		7998.871		22.485		23.347		-14.551		22.161		31.97		6.06		0		11.635		37.665		8.895
Measurement 62		88023.734		87.985		1.167		1.062		0.727		1.167		0.003		501.798		5.701		0.001		0.3		1.161		-5.808		390.518		516.16		9141.717		9657.876		28.851		29.785		-10.52		28.5		31.368		5.344		0		11.635		37.765		8.918
Measurement 63		110854.844		73.483		0.86		0.783		0.727		0.86		0.005		499.152		4.503		0		0.3		1.129		-6.274		323.108		620.005		10631.822		11251.827		36.628		37.751		-8.616		36.206		30.014		5.51		0		11.635		37.865		8.945
Measurement 64		114947.977		91.587		0.634		0.577		0.727		0.634		0.009		500.923		4.358		0		0.3		1.122		-6.871		242.419		837.718		12245.121		13082.84		38.036		39.538		-17.38		37.472		27.545		6.403		0		11.635		37.965		8.976
Measurement 65		143647.688		72.872		0.513		0.467		0.727		0.513		0.01		500.993		3.488		0		0.3		1.096		-7.5		219.296		951.372		14357.535		15308.906		48.031		49.692		-8.063		47.408		25.281		6.214		0		11.635		38.065		9.015
Measurement 66		153058.938		68.112		0.411		0.374		0.727		0.411		0.015		500.097		3.267		0		0.3		1.095		-7.054		181.558		1137.293		14708.311		15845.604		51.358		53.36		-12.849		50.606		24.037		7.177		0		11.635		38.165		9.064
Measurement 67		66746.75		79.697		1.396		1.27		0.727		1.396		0.003		498.513		7.469		0.001		0.3		1.156		-4.838		406.887		526.136		6693.303		7219.439		21.718		22.609		-13.843		21.383		29.752		7.288		0		11.635		37.165		8.853
Measurement 68		64830.516		82.146		1.351		1.23		0.727		1.351		0.003		497.045		7.667		0.001		0.3		1.164		-5.875		388.247		550.786		6514.625		7065.411		21.081		22.011		-15.241		20.731		29.099		7.796		0		11.635		37.065		8.867
Measurement 69		64665.484		73.783		1.424		1.296		0.727		1.424		0.003		497.058		7.687		0.001		0.3		1.136		-4.77		408.682		499.444		6200.617		6700.06		21.026		21.91		-11.666		20.694		27.606		7.454		0		11.635		36.965		8.885
Measurement 70		64613.473		82.807		1.523		1.386		0.727		1.523		0.003		502.045		7.77		0.001		0.3		1.142		-5.576		436.794		473.778		6643.723		7117.501		21.008		21.844		-12.091		20.695		29.525		6.657		0		11.635		36.865		8.907
Measurement 71		64574.438		79.676		1.679		1.527		0.727		1.679		0.002		499.552		7.736		0.001		0.3		1.201		-5.604		481.297		409.894		6601.583		7011.476		20.995		21.75		-14.762		20.712		35.177		5.846		0		11.635		36.765		8.937
Measurement 72		72270.141		79.944		1.405		1.278		0.727		1.405		0.003		498.814		6.902		0.001		0.3		1.187		-5.121		426.095		475.818		7247.862		7723.68		23.559		24.41		-14.72		23.24		33.426		6.161		0		11.635		36.665		8.972
Measurement 73		79481.82		78.891		1.364		1.241		0.727		1.364		0.003		497.049		6.254		0.001		0.3		1.191		-5.265		433.808		489.876		8243.09		8732.967		25.975		26.808		-12.39		25.662		34.211		5.61		0		11.635		36.565		9.013
Measurement 74		80504.766		104.619		1.474		1.341		0.727		1.474		0.002		497.94		6.185		0.001		0.3		1.291		-6.253		471.925		414.142		8930.033		9344.175		26.318		27.085		-15.187		26.03		40.064		4.432		0		11.635		36.465		9.061
Measurement 75		89863.266		87.075		0		0		0.727		0		0		497.037		5.531		0.001		0.3		2.593		-5.451		0		277.875		9281.51		9559.386		29.473		29.473		-23.854		29.473		72.164		2.907		0		11.635		36.365		9.113
Measurement 76		70295.523		114.284		3.476		3.164		0.727		3.476		0		496.847		7.068		0.001		0.3		1.718		-4.461		1040.054		151.79		7987.94		8139.73		22.9		23.247		-0.691		22.77		50.11		1.865		0		11.635		36.265		9.166
Measurement 77		71248.172		76.674		1.131		1.029		0.727		1.131		0.004		496.555		6.969		0.001		0.3		1.119		-4.954		340.581		617.014		6807.079		7424.093		23.218		24.278		-12.615		22.82		25.305		8.311		0		11.735		37.265		8.887
Measurement 78		71397.109		79.835		1.144		1.041		0.727		1.144		0.004		499.725		6.999		0.001		0.3		1.101		-6.052		345.035		615.036		7037.424		7652.461		23.268		24.321		-9.559		22.872		23.392		8.037		0		11.735		37.365		8.891
Measurement 79		74553.164		79.205		1.217		1.107		0.727		1.217		0.004		503.121		6.748		0.001		0.3		1.123		-5.445		374.921		554.616		7241.776		7796.392		24.323		25.298		-10.191		23.956		26.446		7.114		0		11.735		37.465		8.898
Measurement 80		83047.992		72.903		0.986		0.898		0.727		0.986		0.005		496.033		5.973		0.001		0.3		1.133		-5.147		320.739		675.661		7778.759		8454.42		27.173		28.298		-14.323		26.751		27.559		7.992		0		11.735		37.565		8.912
Measurement 81		80398.648		102.876		1.302		1.185		0.727		1.302		0.003		500.79		6.229		0.001		0.3		1.185		-5.134		416.539		488.172		8591.318		9079.49		26.282		27.156		-13.374		25.954		33.712		5.377		0		11.735		37.665		8.928
Measurement 82		99002.836		98.07		1.083		0.986		0.727		1.083		0.003		495.459		5.004		0.001		0.3		1.261		-6.743		384.65		512.826		10571.671		11084.497		32.575		33.511		-16.448		32.223		38.786		4.627		0		11.735		37.765		8.949
Measurement 83		115218.406		88.985		0.758		0.69		0.727		0.758		0.006		498.776		4.329		0		0.3		1.149		-6.98		290.452		693.969		12175.154		12869.124		38.129		39.377		-12.806		37.66		30.388		5.393		0		11.735		37.865		8.974
Measurement 84		142490.641		74.635		0.502		0.457		0.727		0.502		0.011		498.392		3.498		0		0.3		1.095		-7.013		213.849		953.957		13923.268		14877.225		47.624		49.319		-8.218		46.988		24.688		6.412		0		11.735		37.965		9.004
Measurement 85		77440.148		68.319		1.337		1.216		0.727		1.337		0.003		502.852		6.493		0.001		0.3		1.124		-5.305		419.718		495.786		7270.083		7765.869		25.29		26.161		-7.998		24.962		28.511		6.384		0		11.735		37.165		8.893
Measurement 86		75949.242		67.755		1.333		1.213		0.727		1.333		0.003		501.294		6.6		0.001		0.3		1.134		-5.838		414.434		491.118		7117.485		7608.604		24.79		25.669		-9.023		24.46		28.681		6.455		0		11.735		37.065		8.907
Measurement 87		69482.578		76.267		1.373		1.25		0.727		1.373		0.003		502.91		7.238		0.001		0.3		1.122		-4.755		408.495		508.864		6826.274		7335.138		22.629		23.524		-9.112		22.293		26.509		6.937		0		11.735		36.965		8.925
Measurement 88		72168.836		85.066		1.404		1.277		0.727		1.404		0.003		502.472		6.962		0.001		0.3		1.141		-6.105		425.462		489.962		7586.411		8076.374		23.526		24.384		-10.115		23.203		29.212		6.067		0		11.735		36.865		8.947
Measurement 89		90322.242		59.715		1.296		1.179		0.727		1.296		0.003		499.409		5.529		0.001		0.3		1.174		-6.138		439.474		453.502		7933.675		8387.177		29.628		30.454		-7.073		29.318		33.023		5.407		0		11.735		36.765		8.977
Measurement 90		78079.102		87.224		1.4		1.274		0.727		1.4		0.003		503.875		6.453		0.001		0.3		1.225		-5.469		441.454		457.089		8004.336		8461.426		25.504		26.334		-16.518		25.192		37.543		5.402		0		11.735		36.665		9.014
Measurement 91		87007.906		89.638		1.471		1.339		0.727		1.471		0.002		498.572		5.73		0.001		0.3		1.347		-6.643		489.729		418.957		9229.536		9648.493		28.508		29.248		-14.641		28.23		43.111		4.342		0		11.735		36.565		9.058
Measurement 92		99086.063		75.855		1.592		1.449		0.727		1.592		0.002		496.943		5.015		0.001		0.3		1.938		-5.298		565.516		320.642		9546.452		9867.094		32.603		33.242		-20.269		32.363		60.894		3.25		0		11.735		36.465		9.107
Measurement 93		87338.125		68.683		1.219		1.109		0.727		1.219		0.003		501.747		5.745		0.001		0.3		1.138		-5.64		406.355		503.672		8099.565		8603.238		28.62		29.517		-8.652		28.283		30.912		5.854		0		11.835		37.265		8.936
Measurement 94		78703.758		89.808		1.274		1.159		0.727		1.274		0.003		498.87		6.339		0.001		0.3		1.2		-5.149		403.225		509.131		8022.1		8531.229		25.713		26.613		-15.931		25.376		34.387		5.968		0		11.835		37.365		8.939
Measurement 95		96759.133		72.369		1.025		0.932		0.727		1.025		0.004		501.632		5.184		0.001		0.3		1.178		-6.376		359.643		607.737		9258.188		9865.924		31.811		32.825		-13.08		31.431		32.912		6.16		0		11.835		37.465		8.94
Measurement 96		99252.055		71.882		0.849		0.773		0.727		0.849		0.006		500.934		5.047		0.001		0.3		1.166		-5.499		301.774		751.913		9689.067		10440.979		32.66		33.866		-18.141		32.206		31.33		7.202		0		11.835		37.565		8.952
Measurement 97		100555.859		87.751		1.115		1.015		0.727		1.115		0.003		500.115		4.974		0.001		0.3		1.301		-6.413		399.112		500.449		10208.825		10709.273		33.104		34.015		-17.799		32.762		41.349		4.673		0		11.835		37.665		8.968
Measurement 98		82157.18		71.887		1.393		1.268		0.727		1.393		0.002		502.204		6.113		0.001		0.3		1.154		-5.303		450.503		443.124		7726.382		8169.506		26.874		27.684		-8.145		26.569		32.14		5.424		0		11.835		37.165		8.941
Measurement 99		76627.484		77.267		1.403		1.277		0.727		1.403		0.003		496.748		6.483		0.001		0.3		1.146		-4.884		438.258		459.259		7576.429		8035.688		25.017		25.841		-8.449		24.708		30.253		5.715		0		11.835		37.065		8.955
Measurement 100		72913.992		86.731		1.471		1.338		0.727		1.471		0.002		497.593		6.824		0.001		0.3		1.158		-5.15		448.155		452.276		7497.519		7949.794		23.774		24.582		-10.613		23.471		31.698		5.689		0		11.835		36.965		8.973
Measurement 101		74312.734		98.507		1.425		1.297		0.727		1.425		0.003		501.636		6.75		0.001		0.3		1.151		-5.325		438.386		445.902		8154.824		8600.726		24.242		25.074		-10.254		23.93		30.873		5.184		0		11.835		36.865		8.997
Measurement 102		86967.992		80.521		1.283		1.168		0.727		1.283		0.003		503.95		5.795		0.001		0.3		1.182		-5.109		426.963		458.123		8883.15		9341.273		28.495		29.353		-10.351		28.172		33.639		4.904		0		11.835		36.765		9.029
Measurement 103		88534.508		87.145		1.356		1.234		0.727		1.356		0.002		496.634		5.609		0.001		0.3		1.325		-5.818		455.38		410.247		9131.301		9541.548		29.024		29.817		-17.647		28.726		43.521		4.3		0		11.835		36.665		9.067
Measurement 104		88365.266		101.049		1.401		1.275		0.727		1.401		0.002		500.201		5.661		0.001		0.3		1.279		-6.019		469.981		417.228		9570.42		9987.648		28.967		29.74		-12.641		28.676		39.82		4.177		0		11.935		37.265		8.986
Measurement 105		91163.859		94.794		1.38		1.256		0.727		1.38		0.002		497.057		5.452		0.001		0.3		1.29		-5.302		470.231		402.888		9676.112		10079.001		29.913		30.682		-13.078		29.625		41.398		3.997		0		11.935		37.365		8.989
Measurement 106		84822.945		122.923		1.447		1.316		0.727		1.447		0.002		499.748		5.892		0.001		0.3		1.332		-5.622		475.388		416.54		9792.709		10209.249		27.771		28.535		-17.084		27.484		43.396		4.08		0		11.935		37.465		8.993
Measurement 107		80920.305		101.812		1.45		1.32		0.727		1.45		0.002		500.233		6.182		0.001		0.3		1.201		-6.109		465.549		425.758		8854.926		9280.684		26.458		27.239		-10.682		26.164		35.292		4.588		0		11.935		37.165		8.993
Measurement 108		82293.484		88.619		1.431		1.302		0.727		1.431		0.002		502.997		6.112		0.001		0.3		1.19		-5.815		463.176		423.888		8589.463		9013.351		26.919		27.709		-9.284		26.623		34.064		4.703		0		11.935		37.065		9.011
Measurement 109		82840.68		89.129		1.431		1.302		0.727		1.431		0.002		504.139		6.086		0.001		0.3		1.153		-5.072		464.755		433.984		8672.524		9106.508		27.104		27.892		-6.073		26.807		31.312		4.766		0		11.935		36.965		9.03
Measurement 110		84147.406		98.815		1.398		1.273		0.727		1.398		0.002		498.671		5.926		0.001		0.3		1.195		-5.557		457.722		429.964		9133.135		9563.099		27.544		28.336		-10.26		27.246		35.427		4.496		0		11.935		36.865		9.057
Measurement 111		62405.867		64.093		1.218		1.108		0.727		1.218		0.004		498.57		7.989		0.001		0.3		1.148		-5.619		343.326		620.385		5615.84		6236.225		20.275		21.331		-18.395		19.879		27.356		9.948		0		11.335		37.265		8.776
Measurement 112		67924.391		58.035		1.262		1.148		0.727		1.262		0.004		501.073		7.377		0.001		0.3		1.137		-5.084		371.011		582.086		6106.334		6688.421		22.11		23.092		-13.436		21.741		27.046		8.703		0		11.335		37.365		8.777
Measurement 113		74062.289		67.066		1.109		1.009		0.727		1.109		0.004		498.165		6.726		0.001		0.3		1.118		-5.381		340.58		613.201		6998.504		7611.705		24.158		25.222		-11.536		23.759		25.13		8.056		0		11.335		37.465		8.785
Measurement 114		82621.93		63.217		1.125		1.024		0.727		1.125		0.004		503.465		6.094		0.001		0.3		1.138		-5.548		365.005		568.467		7568.994		8137.46		27.03		28.033		-12.389		26.653		29.305		6.986		0		11.335		37.565		8.802
Measurement 115		75296.734		80.238		1.33		1.21		0.727		1.33		0.003		498.824		6.625		0.001		0.3		1.137		-5.581		411.712		500.965		7661.925		8162.891		24.571		25.452		-9.868		24.241		29.152		6.137		0		11.335		37.665		8.825
Measurement 116		70116.852		93.575		1.342		1.221		0.727		1.342		0.003		501.532		7.153		0.001		0.3		1.125		-5.847		400.858		509.73		7588.687		8098.417		22.841		23.75		-10.473		22.499		27.354		6.294		0		11.335		37.765		8.858
Measurement 117		69917.531		93.895		1.418		1.291		0.727		1.418		0.003		496.904		7.107		0.001		0.3		1.12		-5.455		423.202		473.734		7475.775		7949.509		22.774		23.628		-8.73		22.454		27.558		5.959		0		11.335		37.865		8.898
Measurement 118		75080.625		100.355		1.417		1.29		0.727		1.417		0.003		498.165		6.635		0.001		0.3		1.132		-5.981		438.194		445.996		8127.198		8573.192		24.499		25.326		-7.097		24.189		28.519		5.202		0		11.335		37.965		8.944
Measurement 119		98757.516		89.434		1.153		1.049		0.727		1.153		0.003		500.99		5.073		0.001		0.3		1.165		-5.994		408.87		471.342		10148.567		10619.909		32.491		33.382		-7.768		32.157		33.584		4.438		0		11.335		38.065		8.992
Measurement 120		111026.914		88.173		0.852		0.775		0.727		0.852		0.005		496.807		4.475		0		0.3		1.092		-6.467		320.207		595.604		11506.568		12102.172		36.687		37.815		-2.234		36.263		25.813		4.921		0		11.335		38.165		9.048
Measurement 121		114443.977		108.086		0.699		0.636		0.727		0.699		0.007		497.121		4.344		0		0.3		1.094		-7.219		266.925		719.326		12811.107		13530.434		37.862		39.216		-6.175		37.354		24.373		5.316		0		11.335		38.265		9.109
Measurement 122		149063.438		105.733		0.455		0.414		0.727		0.455		0.013		496.972		3.334		0		0.3		1.101		-8.581		198.188		1012.461		16875.25		17887.711		49.943		51.766		-10.239		49.258		24.727		5.66		0		11.335		38.365		9.171
Measurement 123		58002.797		63.938		1.348		1.227		0.727		1.348		0.004		501.368		8.644		0.001		0.3		1.167		-5.591		366.358		612.428		5498.934		6111.362		18.817		19.812		-20.011		18.443		29.099		10.021		0		11.335		37.165		8.783
Measurement 124		57145.684		53.268		1.64		1.492		0.727		1.64		0.003		497.821		8.711		0.001		0.3		1.164		-5.21		442.295		483.062		4919.732		5402.794		18.534		19.352		-14.435		18.226		30.018		8.941		0		11.335		37.065		8.799
Measurement 125		53547.527		65.749		1.645		1.497		0.727		1.645		0.003		498.594		9.311		0.001		0.3		1.164		-4.806		429.397		504.825		4979.39		5484.215		17.346		18.19		-15.527		17.029		29.037		9.205		0		11.335		36.965		8.817
Measurement 126		80842.219		52.74		0.942		0.858		0.727		0.942		0.005		500.497		6.191		0.001		0.3		1.119		-5.615		302.331		729.259		7170.604		7899.862		26.432		27.635		-13.849		25.98		25.059		9.231		0		11.335		36.765		8.866
Measurement 127		77907.477		60.704		1.074		0.977		0.727		1.074		0.004		499.218		6.408		0.001		0.3		1.143		-5.421		338.107		622.694		7157.523		7780.217		25.446		26.52		-14.772		25.043		27.966		8.004		0		11.335		36.665		8.906
Measurement 128		73829.148		69.101		1.306		1.188		0.727		1.306		0.003		498.067		6.746		0.001		0.3		1.186		-5.084		400.316		508.946		7116.353		7625.299		24.08		24.985		-16.084		23.741		33.009		6.674		0		11.335		36.565		8.952
Measurement 129		74383.367		84.632		1.637		1.49		0.727		1.637		0.002		503.046		6.763		0.001		0.3		1.384		-5.619		503.79		395.144		7907.744		8302.889		24.266		24.992		-20.364		23.993		45.422		4.759		0		11.335		36.465		9.003
Measurement 130		79519.055		92.304		1.781		1.621		0.727		1.781		0.002		500.227		6.291		0.001		0.3		1.673		-6.034		566.636		328.101		8664.177		8992.278		25.987		26.629		-22.765		25.746		55.951		3.649		0		11.335		36.365		9.056
Measurement 131		87654.922		85.734		1.893		1.723		0.727		1.893		0.001		498.264		5.684		0.001		0.3		2.085		-5.562		632.491		284.569		8926.359		9210.928		28.727		29.299		-21.635		28.512		64.656		3.089		0		11.335		36.265		9.106
Measurement 132		99110.289		65.026		1.235		1.124		0.727		1.235		0.003		502.156		5.067		0.001		0.3		1.374		-5.638		438.599		448.523		9486.77		9935.293		32.611		33.444		-16.969		32.299		44.032		4.514		0		11.335		36.165		9.151
Measurement 133		87723.656		41.664		0.554		0.504		0.727		0.554		0.015		503.503		5.74		0.001		0.3		1.178		-6.333		185.078		1285.592		7461.188		8746.78		28.75		30.728		-49.042		28.007		29.322		14.698		0		11.235		37.265		8.757
Measurement 134		49366.598		74.005		1.34		1.219		0.727		1.34		0.004		500.415		10.137		0.001		0.3		1.12		-5.068		335.974		625.501		4896.324		5521.826		15.969		17.052		-18.967		15.562		24.183		11.328		0		11.235		37.365		8.772
Measurement 135		69457.727		60.288		0.967		0.88		0.727		0.967		0.006		498.46		7.176		0.001		0.3		1.107		-5.753		287.695		734.369		6101.895		6836.264		22.621		23.88		-15.59		22.148		22.781		10.742		0		11.235		37.465		8.777
Measurement 136		91400.57		50.018		0.734		0.668		0.727		0.734		0.008		497.02		5.438		0.001		0.3		1.126		-5.708		250.396		896.377		7900.319		8796.696		29.993		31.436		-18.331		29.451		25.072		10.19		0		11.235		37.565		8.787
Measurement 137		104778.414		46.93		0.704		0.641		0.727		0.704		0.008		496.537		4.739		0		0.3		1.121		-6.039		257.247		875.19		8766.234		9641.424		34.545		35.949		-14.722		34.018		26.251		9.077		0		11.235		37.665		8.81
Measurement 138		96334.102		53.548		0.799		0.728		0.727		0.799		0.006		497.797		5.167		0.001		0.3		1.097		-5.456		279.997		816.334		8436.448		9252.781		31.667		32.959		-9.291		31.182		23.765		8.823		0		11.235		37.765		8.845
Measurement 139		83602.945		69.943		0.985		0.896		0.727		0.985		0.005		502.679		6.013		0.001		0.3		1.085		-6.001		321.221		646.261		8066.236		8712.496		27.36		28.498		-5.512		26.933		21.733		7.418		0		11.235		37.865		8.891
Measurement 140		76539.57		86.495		1.248		1.136		0.727		1.248		0.003		502.496		6.565		0.001		0.3		1.094		-5.638		389.566		519.752		7905.871		8425.622		24.988		25.925		-5.696		24.636		24.515		6.169		0		11.235		37.965		8.945
Measurement 141		93362.758		78.569		1.231		1.12		0.727		1.231		0.003		499.613		5.351		0.001		0.3		1.134		-5.425		424.456		452.184		9284.896		9737.08		30.658		31.514		-4.468		30.337		30.569		4.644		0		11.235		38.065		9
Measurement 142		100272.813		99.551		1.071		0.974		0.727		1.071		0.003		496.751		4.954		0.001		0.3		1.109		-5.641		382.518		494.158		10886.635		11380.792		33.007		33.951		-2.198		32.653		27.836		4.342		0		11.235		38.165		9.062
Measurement 143		111915.953		95.902		0.749		0.682		0.727		0.749		0.006		499.895		4.467		0		0.3		1.08		-7.231		282.876		693.724		12184.54		12878.264		36.992		38.277		-1.472		36.51		22.493		5.387		0		11.235		38.265		9.128
Measurement 144		68488.617		44.45		0.965		0.878		0.727		0.965		0.006		499.358		7.291		0.001		0.3		1.118		-5.367		284.947		773.74		5525.453		6299.193		22.298		23.572		-18.651		21.819		24.093		12.283		0		11.235		37.165		8.775
Measurement 145		50726.23		68.66		1.372		1.248		0.727		1.372		0.004		498.729		9.832		0.001		0.3		1.149		-5.106		348.627		613.386		4872.612		5485.998		16.416		17.456		-20.755		16.026		26.711		11.181		0		11.235		37.065		8.792
Measurement 146		57927.273		61.013		1.109		1.009		0.727		1.109		0.006		498.52		8.606		0.001		0.3		1.137		-5.455		301.051		725.891		5362.779		6088.669		18.792		19.996		-22.583		18.34		25.713		11.922		0		11.235		36.965		8.811
Measurement 147		55312.316		75.846		1.237		1.126		0.727		1.237		0.005		500.409		9.047		0.001		0.3		1.122		-5.161		328.229		634.542		5547.891		6182.433		17.928		19.036		-17.973		17.512		24.275		10.264		0		11.235		36.865		8.837
Measurement 148		74024.07		58.712		0.932		0.848		0.727		0.932		0.006		501.561		6.776		0.001		0.3		1.124		-6.237		286.237		747.749		6975.345		7723.094		24.146		25.419		-17.21		23.667		24.328		9.682		0		11.235		36.765		8.865
Measurement 149		72335.844		63.453		1.118		1.017		0.727		1.118		0.004		496.829		6.868		0.001		0.3		1.142		-5.905		339.159		602.082		6814.395		7416.477		23.581		24.646		-16.002		23.181		27.748		8.118		0		11.235		36.665		8.906
Measurement 150		70918.516		76.829		1.39		1.265		0.727		1.39		0.003		497.963		7.022		0.001		0.3		1.227		-5.434		417.685		484.017		7118.086		7602.104		23.108		23.975		-19.686		22.783		36.622		6.367		0		11.235		36.565		8.954
Measurement 151		73835.125		95.652		1.545		1.406		0.727		1.545		0.002		502.623		6.807		0.001		0.3		1.335		-6.081		473.66		427.007		8205.156		8632.163		24.082		24.854		-21.49		23.793		43.674		4.947		0		11.235		36.465		9.006
Measurement 152		86802.008		80.895		1.498		1.363		0.727		1.498		0.002		502.939		5.794		0.001		0.3		1.487		-5.454		497.931		384.197		8808.525		9192.723		28.439		29.173		-20.371		28.163		49.05		4.179		0		11.235		36.365		9.06
Measurement 153		88470.469		84.084		1.55		1.41		0.727		1.55		0.002		498.93		5.64		0.001		0.3		1.509		-5.57		520.145		369.149		9146.384		9515.533		29.002		29.699		-17.974		28.74		49.701		3.879		0		11.235		36.265		9.112
Measurement 154		56477.328		62.228		1.087		0.989		0.727		1.087		0.006		503.806		8.92		0.001		0.3		1.089		-5.879		291.507		707.405		5350.486		6057.891		18.313		19.569		-16.743		17.841		21.011		11.677		0		11.135		37.265		8.774
Measurement 155		59122.859		60.574		1.177		1.071		0.727		1.177		0.005		496.092		8.391		0.001		0.3		1.109		-5.648		322.952		637.095		5528.734		6165.829		19.188		20.304		-15.109		18.768		23.054		10.333		0		11.135		37.365		8.775
Measurement 156		63143.789		61.914		1.175		1.069		0.727		1.175		0.005		504.509		7.99		0.001		0.3		1.117		-5.6		333.118		638.549		5908.165		6546.714		20.52		21.621		-15.748		20.107		24.674		9.754		0		11.135		37.465		8.783
Measurement 157		71441.367		65.649		1.06		0.964		0.727		1.06		0.005		495.786		6.94		0.001		0.3		1.105		-5.864		319.592		622.619		6411.234		7033.854		23.283		24.41		-10.885		22.859		22.752		8.852		0		11.135		37.565		8.8
Measurement 158		71814.508		70.337		1.149		1.045		0.727		1.149		0.004		502.551		6.998		0.001		0.3		1.102		-5.894		347.352		578.687		6975.101		7553.789		23.407		24.459		-9.302		23.012		23.335		7.661		0		11.135		37.665		8.824
Measurement 159		72490.953		78.675		1.122		1.021		0.727		1.122		0.004		498.085		6.871		0.001		0.3		1.084		-5.591		340.736		588.267		7374.958		7963.225		23.633		24.696		-6.38		23.234		21.258		7.387		0		11.135		37.765		8.858
Measurement 160		72967.758		88.154		1.094		0.996		0.727		1.094		0.004		498.354		6.83		0.001		0.3		1.084		-6.495		333.472		589.534		7751.48		8341.015		23.792		24.879		-6.888		23.384		21.257		7.068		0		11.135		37.865		8.902
Measurement 161		78965.586		88.235		1.119		1.018		0.727		1.119		0.004		503.003		6.37		0.001		0.3		1.08		-6.325		354.767		559.514		8482.726		9042.239		25.801		26.832		-3.887		25.414		21.666		6.188		0		11.135		37.965		8.955
Measurement 162		93657.938		81.611		1.183		1.077		0.727		1.183		0.003		496.603		5.302		0.001		0.3		1.094		-6.362		408.569		463.436		9179.52		9642.955		30.758		31.642		0.86		30.426		25.325		4.806		0		11.135		38.065		9.018
Measurement 163		101087.078		98.009		1.116		1.015		0.727		1.116		0.003		494.866		4.895		0		0.3		1.088		-6.095		400.286		466.823		10889.291		11356.114		33.285		34.184		1.566		32.947		26.384		4.111		0		11.135		38.165		9.086
Measurement 164		65252.551		45.88		1.031		0.938		0.727		1.031		0.006		502.531		7.701		0.001		0.3		1.11		-5.636		297.101		732.701		5347.916		6080.616		21.221		22.451		-15.716		20.759		22.565		12.05		0		11.135		37.165		8.78
Measurement 165		61281.469		51.277		0.968		0.881		0.727		0.968		0.007		502.041		8.192		0.001		0.3		1.097		-5.871		270.409		783.178		5145.01		5928.188		19.903		21.252		-18.826		19.396		21.587		13.211		0		11.135		37.065		8.795
Measurement 166		67643.617		46.77		0.917		0.834		0.727		0.917		0.007		502.031		7.422		0.001		0.3		1.108		-5.124		269.068		813.623		5645.242		6458.865		22.016		23.373		-19.738		21.507		23.105		12.597		0		11.135		36.965		8.815
Measurement 167		62145.262		58.985		1.043		0.949		0.727		1.043		0.006		497.969		8.013		0.001		0.3		1.105		-5.294		293.456		704.269		5517.375		6221.643		20.189		21.423		-17.047		19.726		22.671		11.32		0		11.135		36.865		8.844
Measurement 168		79621.633		48.998		0.908		0.826		0.727		0.908		0.006		500.369		6.284		0.001		0.3		1.114		-5.73		289.089		737.137		6797.178		7534.314		26.021		27.28		-14.917		25.549		24.379		9.784		0		11.135		36.765		8.874
Measurement 169		72117.406		65.441		1.105		1.005		0.727		1.105		0.004		496.801		6.889		0.001		0.3		1.149		-5.483		334.815		606.395		6834.668		7441.064		23.508		24.587		-17.45		23.103		28.331		8.149		0		11.135		36.665		8.918
Measurement 170		79501.844		72.603		1.184		1.077		0.727		1.184		0.004		501.017		6.302		0.001		0.3		1.2		-5.836		376.613		534.432		7802.255		8336.687		25.981		26.948		-18.808		25.618		34.395		6.411		0		11.135		36.565		8.966
Measurement 171		88717.531		70.133		1.244		1.132		0.727		1.244		0.003		500.66		5.643		0.001		0.3		1.307		-5.633		417.988		465.977		8459.527		8925.504		29.086		29.956		-20.003		28.759		41.71		5.221		0		11.135		36.465		9.02
Measurement 172		63311.781		62.426		1.073		0.977		0.727		1.073		0.005		501.891		7.927		0.001		0.3		1.086		-4.822		304.777		663.714		5943.474		6607.188		20.576		21.773		-12.349		20.127		20.721		10.045		0		11.035		37.265		8.787
Measurement 173		67724.398		62.977		1.049		0.954		0.727		1.049		0.005		502.473		7.419		0.001		0.3		1.099		-5.184		307.954		663.667		6396.787		7060.454		22.043		23.229		-12.964		21.598		22.182		9.4		0		11.035		37.365		8.787
Measurement 174		65057.789		70.211		1.153		1.049		0.727		1.153		0.005		502.131		7.718		0.001		0.3		1.111		-5.793		331.86		617.575		6452.759		7070.333		21.156		22.256		-14.212		20.743		24.102		8.735		0		11.035		37.465		8.798
Measurement 175		63921.805		81.322		1.068		0.972		0.727		1.068		0.005		498.813		7.803		0.001		0.3		1.086		-6.153		304.58		648.841		6579.872		7228.713		20.779		21.969		-12.625		20.332		21.124		8.976		0		11.035		37.565		8.813
Measurement 176		79591.5		63.539		0.951		0.865		0.727		0.951		0.005		501.695		6.303		0.001		0.3		1.09		-6.144		302.658		663.669		7488.776		8152.444		26.011		27.216		-8.978		25.559		21.835		8.141		0		11.035		37.665		8.838
Measurement 177		79931.938		72.823		0.918		0.836		0.727		0.918		0.006		497.739		6.227		0.001		0.3		1.07		-5.971		292.993		666.842		7918.675		8585.518		26.126		27.361		-5.803		25.662		19.522		7.767		0		11.035		37.765		8.874
Measurement 178		80848.695		80.584		1.006		0.915		0.727		1.006		0.005		501.571		6.204		0.001		0.3		1.071		-6.54		322.652		620.306		8410.911		9031.217		26.434		27.564		-3.515		26.009		19.992		6.868		0		11.035		37.865		8.92
Measurement 179		75619.938		48.8		0.841		0.766		0.727		0.841		0.007		497.279		6.576		0.001		0.3		1.085		-5.781		261.105		779.776		6052.296		6832.073		24.68		26.064		-14.201		24.16		21.142		11.413		0		11.035		37.165		8.792
Measurement 180		59580.039		54.957		1.061		0.965		0.727		1.061		0.006		500.818		8.406		0.001		0.3		1.098		-5.931		292.214		719.069		5298.526		6017.596		19.339		20.585		-17.743		18.871		22.363		11.949		0		11.035		37.065		8.81
Measurement 181		61262.477		60.285		0.973		0.885		0.727		0.973		0.007		503.671		8.222		0.001		0.3		1.076		-5.999		271.757		765.292		5734.976		6500.268		19.896		21.244		-15.414		19.39		19.779		11.773		0		11.035		36.965		8.832
Measurement 182		62677.758		59.616		1.031		0.938		0.727		1.031		0.006		499.57		7.97		0.001		0.3		1.11		-5.654		291.154		708.571		5733.429		6442.001		20.366		21.613		-18.54		19.897		23.401		10.999		0		11.035		36.865		8.863
Measurement 183		93256.016		36.66		0.826		0.751		0.727		0.826		0.006		498.069		5.341		0.001		0.3		1.092		-5.37		284.501		716.007		6489.855		7205.862		30.622		31.895		-8.014		30.144		22.796		9.936		0		11.035		36.765		8.898
Measurement 184		71995.094		69.686		1.06		0.965		0.727		1.06		0.005		498.384		6.922		0.001		0.3		1.142		-6.492		321.072		630.042		7167.826		7797.869		23.467		24.596		-17.149		23.044		26.893		8.08		0		11.035		36.665		8.942
Measurement 185		98993.242		44.983		0.652		0.593		0.727		0.652		0.009		503.865		5.09		0.001		0.3		1.072		-6.459		231.325		908.132		7974.832		8882.963		32.571		34.155		-7.666		31.977		19.2		10.223		0		10.935		37.265		8.803
Measurement 186		89731.414		52.629		0.766		0.697		0.727		0.766		0.008		503.005		5.606		0.001		0.3		1.079		-6.549		258.93		808.305		7791.708		8600.014		29.428		30.841		-8.297		28.898		20.147		9.399		0		10.935		37.365		8.808
Measurement 187		93032.555		51.033		0.765		0.696		0.727		0.765		0.007		497.69		5.35		0.001		0.3		1.08		-6.046		263.204		801.65		8039.246		8840.896		30.546		31.921		-7.631		30.03		20.917		9.068		0		10.935		37.465		8.815
Measurement 188		87249.109		61.111		0.813		0.74		0.727		0.813		0.007		502.123		5.755		0.001		0.3		1.079		-5.76		270.938		765.701		7975.406		8741.107		28.59		29.937		-8.456		28.084		20.716		8.76		0		10.935		37.565		8.835
Measurement 189		70085.781		66.795		0.917		0.834		0.727		0.917		0.007		502.081		7.164		0.001		0.3		1.084		-6.06		273.869		733.906		6717.427		7451.332		22.83		24.163		-13.238		22.33		20.401		9.849		0		10.935		37.165		8.82
Measurement 190		62746.969		67.569		1.024		0.932		0.727		1.024		0.006		497.536		7.929		0.001		0.3		1.08		-5.706		289.54		700.341		5989.001		6689.341		20.389		21.638		-13.616		19.92		20.516		10.469		0		10.935		37.065		8.839
Measurement 191		62304.516		63.386		1.067		0.971		0.727		1.067		0.006		503.547		8.082		0.001		0.3		1.069		-5.331		300.518		671.439		5983.089		6654.528		20.242		21.46		-11.449		19.784		19.64		10.09		0		10.935		36.965		8.865
Measurement 192		64949.824		63.487		1.047		0.953		0.727		1.047		0.005		498.324		7.672		0.001		0.3		1.083		-6.107		301.055		656.737		6164.645		6821.382		21.12		22.324		-11.782		20.668		20.605		9.628		0		10.935		36.865		8.897