New Report																											
----------																											
	Ap [µm²]	CIT [%]	E* [MPa]	EIT [MPa]	Epsilon	Er [MPa]	F/S² [µm²/µN]	Fmax [µN]	HIT [kPa]	HVIT [Vickers]	Poisson's ratio (?)	R2	RIT [%]	S [µN/µm]	Welast [pJ]	Wplast [pJ]	Wtotal [pJ]	hc [µm]	hmax [µm]	hp [µm]	hr [µm]	m	nIT [%]	Temperature [°C]	X position [mm]	Y position [mm]	Z position [mm]
	Oliver & Pharr	Oliver & Pharr	Oliver & Pharr	Oliver & Pharr	Oliver & Pharr	Oliver & Pharr	Oliver & Pharr	Oliver & Pharr	Oliver & Pharr	Oliver & Pharr	Oliver & Pharr	Oliver & Pharr	Oliver & Pharr	Oliver & Pharr	Oliver & Pharr	Oliver & Pharr	Oliver & Pharr	Oliver & Pharr	Oliver & Pharr	Oliver & Pharr	Oliver & Pharr	Oliver & Pharr	Oliver & Pharr				
	500um Setting	500um Setting	500um Setting	500um Setting	500um Setting	500um Setting	500um Setting	500um Setting	500um Setting	500um Setting	500um Setting	500um Setting	500um Setting	500um Setting	500um Setting	500um Setting	500um Setting	500um Setting	500um Setting	500um Setting	500um Setting	500um Setting	500um Setting	500um Setting	500um Setting	500um Setting	500um Setting
Measurement 1	105679.2656	29.45429802	0.514240921	0.467959225	0.726999998	0.514240205	0.01400706	498.401001	4.716166496	0.000480751	0.300000012	1.14823246	-5.462551594	188.6322632	1196.632446	6758.034668	7954.666992	34.85352325	36.77438736	-33.92855835	34.13220596	26.75928879	15.04314995	0	11.58846664	40.8996048	7.666798115
Measurement 2	153110.7344	102.7470016	0.554591	0.504677832	0.726999998	0.554590166	0.008279298	496.4249573	3.242260933	0.000330506	0.300000012	1.144930363	-6.791762352	244.8668823	766.258667	16979.07031	17745.32813	51.3761673	52.85003281	-10.65812588	50.82270432	31.32607269	4.318087101	0	11.58846664	41.83960342	8.126750946
Measurement 3	106878.4922	66.25226593	1.235651135	1.124442458	0.726999998	1.235646963	0.002413457	501.4514465	4.691790104	0.000478266	0.300000012	1.52287674	-6.320117474	455.8213501	449.5782166	10151.87012	10601.44824	35.26403046	36.06380844	-19.40147781	34.96370316	50.4181633	4.240724564	0	11.58846664	39.95960617	7.891256809
Measurement 4	77527.02344	83.9822464	1.107059002	1.007423639	0.726999998	1.107055664	0.004122551	498.7329712	6.433022022	0.000655762	0.300000012	1.099971771	-5.364474297	347.8171692	575.590271	8067.399414	8642.989258	25.31864738	26.36108971	-7.859634876	24.9271965	23.86558723	6.659619808	0	11.05346584	40.8996048	7.701110363
Measurement 5	111785.7734	81.55210114	0.788678169	0.717697144	0.726999998	0.7886765	0.005665571	501.5776367	4.486954212	0.000457386	0.300000012	1.186199427	-6.765501976	297.5412903	709.6970825	11560.70313	12270.40039	36.94764328	38.17317581	-17.02944565	36.48743439	32.74679184	5.783813477	0	12.09346676	40.8996048	7.851614952
Measurement 6	95707.04688	77.51851654	0.975322247	0.887543261	0.726999998	0.975319684	0.00429826	498.2424316	5.205912113	0.000530674	0.300000012	1.085494161	-5.844529629	340.4661865	558.00354	9632.618164	10190.62207	31.45384026	32.51774216	-2.530275822	31.05432892	23.9495163	5.475657463	0	11.17346573	41.33960724	7.79583025
Measurement 7	132724.4063	85.29499817	0.608110547	0.553380609	0.726999998	0.608109534	0.008034146	502.0700684	3.782801628	0.000385607	0.300000012	1.204512596	-6.331634045	249.9840393	812.4699707	13964.16016	14776.63086	44.20123672	45.66135025	-25.53374863	43.65294266	35.44851685	5.498344421	0	11.92346764	41.33960724	7.875228882
Measurement 8	62906.94141	88.64363861	1.495399118	1.360813141	0.726999998	1.495393038	0.00279267	500.1946106	7.951342106	0.000810534	0.300000012	1.123933911	-5.030941963	423.2136536	474.6672668	6613.003906	7087.671387	20.44176483	21.30100441	-9.936014175	20.11910629	26.42957878	6.697083473	0	11.21346664	40.289608	7.760873795
Measurement 9	123705.8281	52.53522491	0.650264144	0.59174037	0.726999998	0.650263012	0.007543535	502.4042358	4.061282158	0.000413994	0.300000012	1.282286763	-6.968231678	258.0709839	965.8822632	10731.26172	11697.14453	41.06295013	42.47825241	-32.85282898	40.53148651	38.6954689	8.257418633	0	11.88346672	40.289608	7.832491398
Measurement 10	102248.7188	43.41997528	0.594103277	0.540633977	0.726999998	0.594102323	0.010884175	500.1335449	4.891343117	0.000498608	0.300000012	1.130957007	-5.672715187	214.360733	1034.143188	7973.179688	9007.323242	33.68120193	35.37739563	-24.51548386	33.0442543	25.67050362	11.48113823	0	11.58846664	40.99960709	7.682219982
Measurement 11	93797.22656	60.4299736	0.740208507	0.673589766	0.726999998	0.740207017	0.00760125	497.3835754	5.302753449	0.000540546	0.300000012	1.111356974	-5.832034588	255.80159	821.0600586	8310.523438	9131.583984	30.8055687	32.21915436	-14.96091843	30.27474403	24.26444626	8.991431236	0	11.58846664	41.09960556	7.706915379
Measurement 12	95459.95313	69.10311127	0.875641704	0.796833932	0.726999998	0.875639617	0.005352838	498.8457031	5.225706577	0.000532692	0.300000012	1.142739177	-5.61368084	305.2748718	675.6029663	8850.671875	9526.275391	31.36991692	32.55789948	-15.1232214	30.92380905	29.17905808	7.091995716	0	11.58846664	41.19960785	7.737841129
Measurement 13	101412.4219	79.19317627	0.89189136	0.81162113	0.726999998	0.891889215	0.004909882	504.3060608	4.972823143	0.000506914	0.300000012	1.156545043	-6.577315331	320.4878235	634.5704956	10057.4834	10692.05469	33.39585876	34.53983688	-14.30160522	32.96627808	31.03886604	5.934972763	0	11.58846664	41.29960632	7.775027752
Measurement 14	106160.9609	101.7362518	0.989938974	0.900844455	0.726999998	0.989936292	0.003754021	497.26297	4.684047222	0.000477477	0.300000012	1.195112348	-5.714197159	363.9525146	535.9073486	11551.03809	12086.94531	35.01836777	36.01165771	-12.03627014	34.64537048	35.16683578	4.433769703	0	11.58846664	41.39960861	7.821599484
Measurement 15	118994.9688	96.91883087	0.939102113	0.854582965	0.726999998	0.939099729	0.003768662	503.5578003	4.231757164	0.000431372	0.300000012	1.213317037	-6.37386179	365.5367737	522.3916016	12979.12891	13501.52051	39.43216705	40.43367004	-10.87022495	39.05608749	37.24192429	3.869131327	0	11.58846664	41.49960709	7.879083633
Measurement 16	121308.875	97.54935455	0.78167969	0.711328507	0.726999998	0.781678021	0.005280215	498.3220215	4.107877731	0.000418744	0.300000012	1.188593149	-7.095244885	307.2056885	615.4213257	13229.54492	13844.96582	40.23246384	41.41173935	-14.21287823	39.78962708	34.2914772	4.445090771	0	11.58846664	41.59960556	7.945988178
Measurement 17	122293.625	99.39376068	0.717179775	0.652633548	0.726999998	0.717178404	0.006208642	497.2387085	4.065941334	0.000414469	0.300000012	1.136030793	-7.213262081	282.9985046	663.2058105	13202.18359	13865.38867	40.57347488	41.85084152	-10.59524727	40.09380341	29.84917641	4.783175468	0	11.58846664	41.69960785	8.023807526
Measurement 18	129915.3047	102.4560699	0.64813292	0.589801014	0.726999998	0.648131788	0.007213321	501.2246094	3.858087301	0.000393281	0.300000012	1.135929108	-6.195295811	263.6019287	736.8803711	14256.40723	14993.28809	43.22142029	44.6037674	-12.45461082	42.70232391	30.00790024	4.91473484	0	11.58846664	41.79960632	8.107926369
Measurement 19	82842.14844	33.58784485	0.598840237	0.544944644	0.726999998	0.598839223	0.013139861	497.0187378	5.999587536	0.000611579	0.300000012	1.144225121	-6.478830338	194.4871826	1122.91748	5803.531738	6926.449707	27.1041069	28.96198082	-37.71380234	26.40644646	26.0907383	16.21202278	0	11.58846664	40.79960632	7.666212082
Measurement 20	82133.15625	36.38830948	0.646591842	0.588398576	0.726999998	0.64659071	0.01139457	498.1790466	6.065504551	0.000618298	0.300000012	1.138223767	-6.418326855	209.0950623	1034.242065	5943.383789	6977.625488	26.86555099	28.59766388	-31.85965729	26.21511459	25.37506866	14.82226276	0	11.58846664	40.69960785	7.669852257
Measurement 21	76036.55469	42.2052803	0.683680356	0.62214911	0.726999998	0.683679104	0.011009061	498.1812744	6.551865578	0.000667876	0.300000012	1.127332807	-5.690025806	212.7250214	1023.184326	6062.140625	7085.324707	24.81917763	26.52173996	-31.83905602	24.17983818	24.92024994	14.44089603	0	11.58846664	40.59960938	7.67817688
Measurement 22	78630.29688	34.65629959	0.733496964	0.667482257	0.726999998	0.733495474	0.009257497	498.6416321	6.341596603	0.000646442	0.300000012	1.138036728	-5.885028839	232.0852203	957.8587036	5729.835938	6687.694336	25.68870926	27.25068855	-28.70857048	25.10216141	26.04539299	14.32270432	0	11.58846664	40.49960709	7.696639061
Measurement 23	70593.92188	20.6569252	1.109937787	1.010043263	0.726999998	1.10993433	0.004488772	497.049469	7.040966988	0.000717734	0.300000012	1.137044311	-4.755803108	332.7637634	686.2006836	3958.451416	4644.652344	22.99972916	24.08564949	-15.97621822	22.59194946	26.8205452	14.77399635	0	11.58846664	40.3996048	7.724519253
Measurement 24	109092.2344	20.22084618	0.894669116	0.814148903	0.726999998	0.89466691	0.004514021	501.8689575	4.600409508	0.000468951	0.300000012	1.263195396	-5.836045265	333.436676	745.0118408	6532.17627	7277.187988	36.02277374	37.11701202	-21.93788147	35.61187363	39.23547745	10.23763371	0	11.58846664	40.29960632	7.747704029
Measurement 25	117080.625	31.85611725	0.690133572	0.628021479	0.726999998	0.69013226	0.00705966	501.2375183	4.281130791	0.000436405	0.300000012	1.257000327	-6.207509995	266.4586792	904.5370483	8953.87207	9858.40918	38.77111816	40.13868332	-31.47450829	38.2575798	38.0696907	9.175284386	0	11.58846664	40.19960403	7.772488117
Measurement 26	124514.5469	50.68556213	0.647120059	0.588879228	0.726999998	0.647118926	0.00752034	499.2705688	4.009737015	0.00040874	0.300000012	1.243447304	-7.147467136	257.6613159	922.3668823	10693.85449	11616.22168	41.34349442	42.75220108	-28.34988785	40.81450272	36.69404984	7.94033432	0	11.58846664	40.09960938	7.817547321
Measurement 27	96145.59375	85.95600128	1.278794646	1.163702965	0.726999998	1.278790116	0.002504232	501.3171997	5.214147091	0.000531513	0.300000012	1.470631003	-6.732049942	447.4237366	470.8463745	9942.631836	10413.47852	31.60282707	32.41739655	-22.06267929	31.29694557	48.62326431	4.521509171	0	11.58846664	39.99960709	7.879733563
Measurement 28	92921.90625	37.16899109	0.550185561	0.500668883	0.726999998	0.550184727	0.013889073	497.4146729	5.353040218	0.000545672	0.300000012	1.152157307	-5.816409588	189.2442474	1170.20166	6793.271484	7963.472656	30.50874329	32.41961288	-39.20419693	29.79118347	27.24968529	14.69461536	0	11.68846703	40.8996048	7.69822216
Measurement 29	93618.82031	49.69421005	0.566730142	0.515724421	0.726999998	0.566729248	0.012961089	496.2106628	5.300329685	0.000540299	0.300000012	1.131573916	-6.503642559	195.6646118	1080.234253	7654.445801	8734.680664	30.74505425	32.58874512	-31.32794952	30.05271912	25.20347977	12.36718655	0	11.68846703	40.99960709	7.711965561
Measurement 30	85155.84375	77.64003754	0.736149013	0.669895589	0.726999998	0.736147523	0.008552481	502.5119324	5.901085377	0.000601538	0.300000012	1.139867663	-5.849639893	242.3969421	882.4974976	8600.175781	9482.673828	27.88343239	29.39057159	-25.3495903	27.31747818	26.40504265	9.306420326	0	11.68846703	41.09960556	7.733536243
Measurement 31	92995.15625	80.0280304	0.834660888	0.759541392	0.726999998	0.83465898	0.006019803	496.559021	5.339622021	0.000544304	0.300000012	1.158340693	-5.774177074	287.2065125	723.5918579	9303.181641	10026.77344	30.53357887	31.79050636	-20.48875618	30.06157875	30.23798752	7.216597557	0	11.68846703	41.19960785	7.762111664
Measurement 32	104591.6641	84.96243286	0.881919563	0.802546799	0.726999998	0.881917417	0.004837779	501.0823364	4.790843964	0.000488363	0.300000012	1.181971908	-6.334917545	321.8336792	639.916748	10741.15527	11381.07227	34.48153305	35.61344528	-18.31651306	34.05648422	34.63797379	5.62264061	0	11.68846703	41.29960632	7.796191216
Measurement 33	111942.3984	103.0566254	0.884231925	0.804651082	0.726999998	0.884229839	0.004477519	498.9677734	4.457361698	0.000454369	0.300000012	1.234335542	-7.222588539	333.8239746	596.9884033	12366.83496	12963.82324	37.00148392	38.08812714	-18.52770805	36.59342575	37.8776474	4.605033875	0	11.68846703	41.39960861	7.841212273
Measurement 34	122504.0625	100.7186279	0.808009505	0.73528868	0.726999998	0.808007777	0.004919795	501.0010071	4.089668751	0.000416888	0.300000012	1.250298739	-7.357331753	319.1139832	610.9146729	13441.91309	14052.82813	40.64638138	41.78775406	-18.18582344	40.21777725	38.20032883	4.347271919	0	11.68846703	41.49960709	7.895596027
Measurement 35	122838.3906	93.30142212	0.703260064	0.639966667	0.726999998	0.703258753	0.006468782	500.3765564	4.073454857	0.000415235	0.300000012	1.178524494	-6.767070293	278.12323	693.3532715	13338.4541	14031.80664	40.76222992	42.07018662	-20.15746689	40.27106857	34.58786011	4.941297054	0	11.68846703	41.59960556	7.961702347
Measurement 36	122067.4609	99.76482391	0.684391081	0.62279588	0.726999998	0.68438983	0.00688322	501.0820007	4.104959488	0.000418446	0.300000012	1.145851135	-6.21696043	269.8103333	724.1505737	13462.44141	14186.5918	40.49513626	41.84529495	-15.82505894	39.98813248	31.05291557	5.104471684	0	11.68846703	41.69960785	8.036448479
Measurement 37	145771.9844	84.06219482	0.529769003	0.482089818	0.726999998	0.529768229	0.009606027	500.3798828	3.432620525	0.00034991	0.300000012	1.134825587	-6.801039219	228.2327728	870.6268921	14741.10547	15611.73242	48.78016281	50.37404633	-16.1908741	48.18163681	30.36152458	5.576747894	0	11.68846703	41.79960632	8.118191719
Measurement 38	86686.94531	31.16062355	0.635892868	0.578662515	0.726999998	0.635891736	0.01116406	498.2557678	5.747760296	0.000585908	0.300000012	1.149000168	-6.511524677	211.2589417	1054.411377	5751.980469	6806.39209	28.3998642	30.11449814	-32.54312515	27.75599098	26.56664276	15.4914875	0	11.68846703	40.79960632	7.694451332
Measurement 39	76855.17188	39.80572128	0.688808203	0.626815438	0.726999998	0.688806891	0.010722123	497.804657	6.477178097	0.000660263	0.300000012	1.153705597	-5.781718254	215.4711304	1035.330078	5906.207031	6941.537109	25.09344101	26.77303314	-36.33650589	24.46272659	27.31650734	14.9149971	0	11.68846703	40.69960785	7.696498394
Measurement 40	79151.72656	39.99398041	0.662422955	0.602804899	0.726999998	0.662421763	0.011295155	499.4958191	6.310612202	0.000643284	0.300000012	1.157477975	-6.626613617	210.2905884	1070.197632	6086.794434	7156.992188	25.86370659	27.59052467	-36.91629028	25.21525955	27.15773582	14.95317554	0	11.68846703	40.59960938	7.704053402
Measurement 41	77254.20313	41.1795845	0.629720926	0.573046088	0.726999998	0.629719853	0.012866852	501.879303	6.496466637	0.000662229	0.300000012	1.155756831	-6.425906658	197.4983673	1125.481934	6200.494629	7325.976563	25.2271843	27.07462502	-41.95770264	24.53344154	27.1654377	15.3628931	0	11.68846703	40.49960709	7.720213413
Measurement 42	91797.07031	25.24836731	0.721456945	0.656525791	0.726999998	0.721455514	0.008177748	497.4985046	5.419546604	0.000552451	0.300000012	1.185805321	-5.700632572	246.6488037	955.7808838	5681.168457	6636.949219	30.12758446	31.59396553	-30.7062149	29.57693481	30.88705826	14.40090752	0	11.68846703	40.3996048	7.744170189
Measurement 43	120334.6484	29.02623749	0.574414909	0.522717595	0.726999998	0.574414074	0.009951097	503.062439	4.180528641	0.00042615	0.300000012	1.251947045	-7.812857628	224.8409729	1093.543701	8724.066406	9817.610352	39.89533997	41.52194214	-41.12715149	39.28452683	36.93955612	11.13859272	0	11.68846703	40.29960632	7.763446808
Measurement 44	145371.7188	40.31325912	0.372552365	0.339022666	0.726999998	0.372552007	0.019390255	498.1353455	3.426631928	0.0003493	0.300000012	1.182301998	-7.34475565	160.2809601	1452.499512	11603.87793	13056.37695	48.63900375	50.89844131	-44.40381622	47.79055405	30.66463089	11.12482834	0	11.68846703	40.19960403	7.791329384
Measurement 45	142885.3906	49.78862762	0.607650459	0.552961886	0.726999998	0.607649446	0.007427144	498.9143372	3.491709709	0.000355934	0.300000012	1.308497071	-7.312985897	259.1803589	955.7677002	11966.19531	12921.96289	47.76315308	49.16260529	-33.15156174	47.23763657	42.76127625	7.396459103	0	11.68846703	40.09960938	7.839503288
Measurement 46	96152.65625	81.75080872	1.192978859	1.085610747	0.726999998	1.192975044	0.002880295	501.8465576	5.219269276	0.000532036	0.300000012	1.331874013	-6.057379246	417.4140015	518.5897217	9884.602539	10403.19238	31.60522842	32.47928238	-19.03178215	31.27700615	42.84465027	4.984910011	0	11.68846703	39.99960709	7.901688576
Measurement 47	94806.03906	40.58956146	0.583261192	0.530767679	0.726999998	0.583260238	0.012220758	501.8442688	5.29337883	0.00053959	0.300000012	1.167084217	-6.327618599	202.6447906	1094.063721	7325.99707	8420.061523	31.14789009	32.94828796	-36.04628754	30.4718132	27.86001587	12.99353695	0	11.78846645	40.8996048	7.731066227
Measurement 48	89899.80469	55.43960571	0.644684136	0.586662591	0.726999998	0.644683003	0.01047249	498.2086792	5.54182148	0.000564916	0.300000012	1.143594146	-5.604857922	218.1125488	982.1264038	7741.816895	8723.943359	29.48538399	31.14598465	-28.45863342	28.86180305	26.09451866	11.25782681	0	11.78846645	40.99960709	7.744843006
Measurement 49	88589.27344	67.32328033	0.720127463	0.655315936	0.726999998	0.720125973	0.008518206	498.260437	5.624387741	0.000573332	0.300000012	1.149625063	-6.451856613	241.8544769	878.2338867	8395.709961	9273.943359	29.04229355	30.54003525	-25.18680763	28.47986984	27.04968452	9.469907761	0	11.78846645	41.09960556	7.763308048
Measurement 50	94944.22656	75.69748688	0.741905272	0.675133765	0.726999998	0.741903722	0.007536617	501.4760437	5.281796455	0.000538409	0.300000012	1.164647937	-6.713921547	257.9508057	833.2442017	9434.813477	10268.05859	31.19480324	32.60814667	-24.30020523	30.66406822	29.27269173	8.114914894	0	11.78846645	41.19960785	7.788808346
Measurement 51	112471.0156	76.29627991	0.743829489	0.67688483	0.726999998	0.743827999	0.006292918	498.5949402	4.433097363	0.000451896	0.300000012	1.186409712	-6.161244869	281.4802246	745.6655884	11196.98438	11942.65039	37.18322754	38.47098541	-21.05883217	36.69965363	33.60737228	6.243719578	0	11.78846645	41.29960632	7.81978178
Measurement 52	122952.6719	89.63469696	0.710193992	0.646276474	0.726999998	0.710192621	0.006307742	498.0515747	4.050758362	0.000412921	0.300000012	1.251291633	-6.524950981	280.9960327	721.1500244	13096.22656	13817.37695	40.80183792	42.09041214	-26.16218185	40.31796265	38.50747681	5.219152927	0	11.78846645	41.39960861	7.863232613
Measurement 53	130249.8203	91.03456116	0.650287807	0.591761947	0.726999998	0.650286675	0.007111699	498.7355652	3.829069376	0.000390323	0.300000012	1.205725193	-6.648521423	264.8186035	745.4888916	13927.73633	14673.22559	43.33797836	44.70714569	-22.52212334	42.82383728	35.69739532	5.080606937	0	11.78846645	41.49960709	7.918411255
Measurement 54	139004.5781	85.17305756	0.560510635	0.510064662	0.726999998	0.560509741	0.008975947	499.0979919	3.59051466	0.000366006	0.300000012	1.140283227	-7.465379715	235.8048706	831.3410645	14137.54688	14968.88867	46.39943695	47.93818665	-14.6815691	45.82161331	29.58545876	5.553792954	0	11.78846645	41.59960556	7.985294342
Measurement 55	130929.8047	103.2413254	0.57760793	0.525623202	0.726999998	0.577606976	0.00895691	498.1633301	3.804811955	0.00038785	0.300000012	1.13760519	-7.546291828	235.834198	852.0656738	14343.44922	15195.51465	43.5750351	45.11071014	-16.13253212	42.99836731	28.99300194	5.607349873	0	11.78846645	41.69960785	8.060012817
Measurement 56	86020.0625	36.02776718	0.699379563	0.636435449	0.726999998	0.699378252	0.009376757	502.3272705	5.839652538	0.000595275	0.300000012	1.16290772	-5.939917088	231.4552612	994.3864746	6257.609863	7251.996582	28.17485809	29.75266838	-30.76481819	27.58236694	27.88439178	13.71189976	0	11.78846645	40.79960632	7.727667332
Measurement 57	83215.89063	35.13232803	0.726556778	0.661166608	0.726999998	0.726555288	0.008891225	497.2963867	5.975978375	0.000609172	0.300000012	1.169403672	-5.531342506	236.4976654	965.2058105	5774.753906	6739.959961	27.22990799	28.75860786	-30.9246788	26.65585518	28.38339233	14.32064629	0	11.78846645	40.69960785	7.729727745
Measurement 58	79109.99219	37.72240829	0.746366739	0.679193735	0.726999998	0.746365249	0.008937129	501.4669189	6.338856697	0.000646163	0.300000012	1.169618964	-6.420444965	236.8766022	968.7622681	5781.977539	6750.740234	25.84969902	27.38875389	-32.71902084	25.27175903	28.39295006	14.35046101	0	11.78846645	40.59960938	7.738836289
Measurement 59	92478.57031	39.28029633	0.619085431	0.563367724	0.726999998	0.619084358	0.011112762	501.5023193	5.422903061	0.000552793	0.300000012	1.159651518	-6.14551115	212.4347076	1057.922729	6641.092285	7699.014648	30.35848045	32.07473373	-31.9312458	29.71399689	27.11272049	13.74101543	0	11.78846645	40.49960709	7.751069546
Measurement 60	115471.5547	34.26657867	0.5404374	0.491798013	0.726999998	0.540436566	0.011679685	501.5401306	4.343408108	0.000442753	0.300000012	1.187165976	-6.559472084	207.2226868	1124.328857	8412.395508	9536.724609	38.21621323	39.97576904	-36.76745605	37.55547333	31.70820427	11.7894659	0	11.78846645	40.3996048	7.767215252
Measurement 61	133126.6719	43.922966	0.409259498	0.372426122	0.726999998	0.409259021	0.017589964	499.3864136	3.751211882	0.000382387	0.300000012	1.226733327	-7.768798828	168.4945526	1412.284302	10639.7002	12051.98438	44.3417244	46.496418	-52.923172	43.53260422	33.544487	11.71827221	0	11.78846645	40.29960632	7.790396214
Measurement 62	138627.1406	50.81425476	0.440426469	0.400788099	0.726999998	0.440425932	0.014576313	499.0589905	3.600008965	0.000366973	0.300000012	1.276473403	-7.826789856	185.0342407	1271.971191	11755.10742	13027.07813	46.26702881	48.22782898	-53.78607559	45.53071213	37.82331848	9.764056206	0	11.78846645	40.19960403	7.824532509
Measurement 63	120080.5547	78.7236557	0.848915815	0.77251339	0.726999998	0.848913848	0.004539855	500.2096252	4.165616989	0.00042463	0.300000012	1.457482219	-7.336725235	331.9365234	746.2099609	11996.88184	12743.0918	39.8074646	40.90300751	-33.2324295	39.39606476	49.19589233	5.855800152	0	11.78846645	40.09960938	7.877354145
Measurement 64	88855.60156	53.92224884	0.702055872	0.638870895	0.726999998	0.70205456	0.008986115	501.0816956	5.639281273	0.00057485	0.300000012	1.145056486	-6.189799786	236.139328	930.0078125	7747.941895	8677.950195	29.13230515	30.67498207	-26.00533867	28.55300522	26.71111679	10.7169075	0	11.88846684	40.8996048	7.768491268
Measurement 65	93438.125	60.53048325	0.710707724	0.646744072	0.726999998	0.710706353	0.008309455	499.3294067	5.343957901	0.000544746	0.300000012	1.141928434	-6.387879849	245.1361237	880.8375244	8560.120117	9440.957031	30.68377113	32.1646347	-24.27069664	30.12768364	27.70583534	9.329959869	0	11.88846684	40.99960709	7.780704975
Measurement 66	102067.6563	67.25769043	0.714531541	0.650223732	0.726999998	0.71453017	0.007550529	500.9758301	4.90827179	0.000500334	0.300000012	1.165516377	-7.056146145	257.5844727	846.8746338	9737.055664	10583.93066	33.61940765	35.03334808	-23.29576683	33.08845139	29.99081802	8.001514435	0	11.88846684	41.09960556	7.796041012
Measurement 67	114259.3281	74.72698975	0.645655036	0.58754611	0.726999998	0.645653963	0.008235164	499.428894	4.371011734	0.000445567	0.300000012	1.180407763	-6.774635792	246.2638702	870.5582886	11365.19922	12235.75781	37.79860687	39.27297974	-27.65189934	37.24495697	33.00005341	7.114871025	0	11.88846684	41.19960785	7.817638874
Measurement 68	123890.7031	83.88426209	0.63396138	0.576904893	0.726999998	0.633960307	0.007895079	500.5292053	4.040087223	0.000411834	0.300000012	1.199258208	-6.352114201	251.7888336	820.3494263	12905.66699	13726.01563	41.12706757	42.57226563	-26.31336975	40.58437347	34.65259171	5.976602554	0	11.88846684	41.29960632	7.850929737
Measurement 69	132486.1719	94.65712738	0.630844057	0.574068129	0.726999998	0.630842984	0.007433218	498.9994812	3.766427279	0.000383938	0.300000012	1.244603157	-7.272089958	259.0965271	765.5733643	14339.47656	15105.0498	44.11805725	45.51819992	-27.13540459	43.59227753	37.72408295	5.068327427	0	11.88846684	41.39960861	7.894358158
Measurement 70	136528.9531	99.8078537	0.600037754	0.546034336	0.726999998	0.60003674	0.007977962	499.3240662	3.657275915	0.000372811	0.300000012	1.194787502	-6.932692528	250.1757965	781.5559082	15088.6748	15870.23145	45.53164291	46.98265457	-23.16853142	44.98676682	35.14777374	4.924666405	0	11.88846684	41.49960709	7.950306416
Measurement 71	91738.57813	50.21714783	0.634654224	0.577535331	0.726999998	0.634653151	0.010601518	498.7731323	5.436895847	0.00055422	0.300000012	1.159867883	-6.326303005	216.9039764	1023.430237	7568.896484	8592.327148	30.10777473	31.77952003	-31.52709579	29.48000717	27.53046227	11.91097927	0	11.88846684	40.79960632	7.764080048
Measurement 72	93189.09375	46.37652969	0.692522585	0.630195499	0.726999998	0.692521274	0.008756474	498.2767944	5.346942902	0.00054505	0.300000012	1.15068531	-6.240306854	238.5452118	943.8374634	7659.904785	8603.742188	30.59932709	32.11789703	-26.06372643	30.02908134	27.85389137	10.97008133	0	11.88846684	40.69960785	7.766132832
Measurement 73	90133.13281	49.31717682	0.739892125	0.673301816	0.726999998	0.739890635	0.007968561	500.621521	5.554244995	0.000566182	0.300000012	1.159951091	-5.909026146	250.6483307	908.6693115	7542.405762	8451.075195	29.5643158	31.01635551	-26.40703774	29.01904869	28.75041771	10.75211525	0	11.88846684	40.59960938	7.776783943
Measurement 74	88916.72656	58.5425148	0.754702985	0.686779678	0.726999998	0.754701436	0.007698495	496.4205933	5.582983017	0.000569111	0.300000012	1.15638864	-5.923243523	253.9346619	868.8934937	7993.08252	8861.976563	29.15296745	30.57418823	-24.37093544	28.61927605	28.10614967	9.804738045	0	11.88846684	40.49960709	7.792122841
Measurement 75	113298.8047	54.1797905	0.6478073	0.589504659	0.726999998	0.647806168	0.008266027	500.4059143	4.416692257	0.000450224	0.300000012	1.156578302	-6.367161274	246.0440216	923.989502	9853.085938	10777.07617	37.46797562	38.94655228	-22.1858387	36.91274643	30.05811501	8.573657036	0	11.88846684	40.3996048	7.809036732
Measurement 76	122087.2266	52.49961853	0.68644762	0.624667347	0.726999998	0.686446369	0.006824175	499.8546753	4.094242573	0.000417354	0.300000012	1.288015842	-6.957008839	270.6430054	914.2330933	10438.29199	11352.52539	40.50197983	41.84468842	-32.60073853	39.99777222	40.30797958	8.053125382	0	11.88846684	40.29960632	7.836061001
Measurement 77	123954.3516	63.75946045	0.728405118	0.662848711	0.726999998	0.728403688	0.005982444	500.9505005	4.0414114	0.000411969	0.300000012	1.555602789	-6.871199131	289.3730469	855.1168213	11482.1084	12337.22559	41.14914322	42.40769196	-46.22592926	40.67653656	51.19903946	6.931192398	0	11.88846684	40.19960403	7.874859333
Measurement 78	106223.3516	59.43249512	0.729027927	0.663415432	0.726999998	0.729026496	0.006933441	498.3856812	4.691865921	0.000478274	0.300000012	1.156169057	-6.489453793	268.1071472	811.2893066	9570.413086	10381.70313	35.03972244	36.39114761	-20.86983681	34.53224182	30.80361176	7.814608097	0	11.98846722	40.8996048	7.80655098
Measurement 79	104142.0859	79.52008057	0.724706233	0.659482658	0.726999998	0.724704802	0.007126176	496.2668152	4.765285969	0.000485758	0.300000012	1.164815307	-6.287809372	263.8938904	790.1723633	10488.79395	11278.96582	34.32785416	35.69501877	-21.89321518	33.81446457	30.62300682	7.005716324	0	11.98846722	40.99960709	7.816423416
Measurement 80	122104.9375	77.15541077	0.679499805	0.618344784	0.726999998	0.679498553	0.006981497	501.1513672	4.104268074	0.000418376	0.300000012	1.177409411	-6.67472887	267.9231262	784.8571777	12211.82813	12996.68555	40.50811386	41.86796951	-21.25139427	39.99746323	33.74456787	6.03890276	0	11.98846722	41.09960556	7.830980778
Measurement 81	133987.9844	81.29055786	0.593787193	0.540346384	0.726999998	0.59378624	0.008335842	501.4016113	3.742138863	0.000381462	0.300000012	1.195082188	-7.205261231	245.2551422	852.1989746	13890.38965	14742.58887	44.64266586	46.1289444	-25.04995537	44.08454132	34.81638718	5.780524731	0	11.98846722	41.19960785	7.854104519
Measurement 82	137784.8594	89.72961426	0.542072773	0.493286192	0.726999998	0.542071939	0.009648479	497.3754272	3.609797716	0.000367971	0.300000012	1.196944952	-7.051761627	227.0454254	881.8920288	14738.125	15620.01758	45.97167587	47.56427002	-28.61342239	45.37362671	34.77412796	5.645909309	0	11.98846722	41.29960632	7.886634827
Measurement 83	105779.7891	59.078022	0.72035104	0.655519426	0.726999998	0.72034961	0.007118716	497.5092163	4.703253746	0.000479435	0.300000012	1.132025719	-6.209630966	264.3624268	810.3600464	9513.484375	10323.84375	34.88792038	36.25607681	-16.37331581	34.37415314	27.96578026	7.849402905	0	11.98846722	40.79960632	7.803517342
Measurement 84	101892.0781	72.20363617	0.746982873	0.679754436	0.726999998	0.746981382	0.006934218	501.9581909	4.926371098	0.000502179	0.300000012	1.135460854	-6.206188202	269.0512695	805.5390625	10065.77051	10871.30957	33.55949402	34.9158287	-17.84226227	33.05016708	28.27851105	7.409770966	0	11.98846722	40.69960785	7.810251713
Measurement 85	98325.42969	71.98035431	0.846414268	0.770237029	0.726999998	0.846412301	0.005540777	496.9476013	5.054110527	0.0005152	0.300000012	1.141161561	-6.245165348	299.4814758	721.0663452	9706.006836	10427.07227	32.34409332	33.55045319	-14.72332382	31.89109039	29.0918026	6.91532898	0	11.98846722	40.59960938	7.820902824
Measurement 86	102272.1094	71.79720306	0.89232558	0.812016249	0.726999998	0.892323375	0.004812765	499.006897	4.879207611	0.000497371	0.300000012	1.153639913	-6.149439335	322.000061	658.5556641	9980.242188	10638.79785	33.6891861	34.81582642	-13.63114929	33.26611328	31.26195145	6.190132141	0	11.98846722	40.49960709	7.839360714
Measurement 87	114143.1406	80.33665466	0.796140254	0.724487603	0.726999998	0.796138525	0.005455182	502.5119629	4.402471542	0.000448774	0.300000012	1.21480751	-6.174012184	303.5069275	709.1303101	11808.93066	12518.06152	37.75860214	38.96228409	-20.58638954	37.30659866	35.96617508	5.664857388	0	12.08846664	40.8996048	7.849979878
Measurement 88	122143.2891	86.58552551	0.748252213	0.680909514	0.726999998	0.748250663	0.005769976	502.3981323	4.113185883	0.000419285	0.300000012	1.222801328	-6.844425201	295.0780945	706.942688	12851.87402	13558.81738	40.52139664	41.75918198	-22.51511574	40.05659103	37.75081635	5.213896275	0	12.08846664	40.99960709	7.86063242
Measurement 89	107194.7578	87.22386169	0.820617259	0.74676168	0.726999998	0.820615411	0.005451458	501.0437927	4.674144745	0.000476467	0.300000012	1.190755367	-5.986897945	303.1667175	700.2435303	11251.80957	11952.05273	35.3723526	36.5738678	-19.36216354	34.92116547	33.84523392	5.858772278	0	12.08846664	40.79960632	7.851736069
Measurement 90	109008.5313	86.59313202	0.917993009	0.83537364	0.726999998	0.917990685	0.004304336	503.4465637	4.618413925	0.000470786	0.300000012	1.184436798	-6.297875881	341.9980164	614.6776123	11637.13477	12251.8125	35.99406433	37.06426239	-13.97729588	35.59218597	34.67321777	5.017034054	0	12.08846664	40.69960785	7.860785961
Measurement 91	85097.03906	51.00227737	0.693334222	0.630934179	0.726999998	0.693332911	0.009559108	497.8810425	5.850744724	0.000596406	0.300000012	1.133536935	-6.310337067	228.2202148	964.2484741	6912.452637	7876.701172	27.86360741	29.44961739	-25.95382118	27.26803589	25.39599419	12.24178123	0	11.48846722	40.8996048	7.652699471
Measurement 92	91654.30469	52.69258118	0.744718134	0.677693486	0.726999998	0.744716644	0.007679507	497.0252686	5.42282486	0.000552785	0.300000012	1.130214691	-6.451516628	254.4031982	857.4754639	7682.537109	8540.012695	30.07923126	31.49956322	-18.90417862	29.54587173	25.79923821	10.04068089	0	11.48846722	40.99960709	7.668060303
Measurement 93	95658.65625	57.38067245	0.799572349	0.727610827	0.726999998	0.79957062	0.006426519	500.4075928	5.231179714	0.00053325	0.300000012	1.129099131	-6.567173481	279.0448608	767.9085693	8209.160156	8977.069336	31.43740463	32.74112701	-14.76720047	30.94783783	26.49231148	8.554112434	0	11.48846722	41.09960556	7.690468788
Measurement 94	88971.58594	78.44446564	0.909035862	0.827222645	0.726999998	0.909033597	0.005308157	496.8955688	5.584879398	0.000569305	0.300000012	1.144287586	-6.635004997	305.9571838	682.8100586	8724.458008	9407.267578	29.17150879	30.35220909	-16.1599865	28.72813988	28.63929749	7.2583251	0	11.48846722	41.19960785	7.72142601
Measurement 95	88323.30469	97.71640778	0.948524654	0.863157451	0.726999998	0.94852221	0.004978102	503.6678162	5.702547073	0.000581299	0.300000012	1.149803042	-5.718777657	318.0827942	654.9358521	9642.942383	10297.87793	28.9524231	30.1035881	-17.21742821	28.52013969	29.88478088	6.359910488	0	11.48846722	41.29960632	7.760191917
Measurement 96	104316.9922	89.59996033	1.027900696	0.935389638	0.726999998	1.027897835	0.003530108	495.3965454	4.748953819	0.000484093	0.300000012	1.172127843	-6.519893169	374.6127319	517.1622314	10880.88477	11398.04688	34.38763809	35.34904099	-9.349928856	34.02661514	33.80080414	4.537288666	0	11.48846722	41.39960861	7.806752682
Measurement 97	119042.6797	99.63031006	0.907091856	0.825453579	0.726999998	0.907089651	0.004040249	503.873291	4.232711315	0.000431469	0.300000012	1.185897112	-7.240223408	353.1478882	550.2494507	13238.49121	13788.74121	39.44865799	40.48594666	-8.070768356	39.05913925	34.0317688	3.990571022	0	11.48846722	41.49960709	7.862766743
Measurement 98	123946.2266	97.69630432	0.793704033	0.722270668	0.726999998	0.793702364	0.005056405	502.6903687	4.055713654	0.000413427	0.300000012	1.179675102	-6.804970264	315.3039246	608.8197021	13771.53711	14380.35645	41.14632797	42.30538177	-13.21642876	40.71107864	34.82510376	4.233690262	0	11.48846722	41.59960556	7.934381962
Measurement 99	122973.3203	105.8559113	0.695592701	0.632989287	0.726999998	0.69559139	0.006543239	495.7037048	4.030985832	0.000410906	0.300000012	1.12428391	-6.495761395	275.2420044	686.3824463	13703.67578	14390.05762	40.80899811	42.11830521	-9.657661438	40.31733322	28.74886703	4.769837856	0	11.48846722	41.69960785	8.013777733
Measurement 100	127063.2031	115.455368	0.704669893	0.641249538	0.726999998	0.704668522	0.006170913	495.7343445	3.901478529	0.000397704	0.300000012	1.165482998	-6.777338028	283.4325867	666.7457275	14383.41113	15050.15625	42.22873688	43.5002861	-12.26988983	41.75125122	31.88620377	4.430158138	0	11.48846722	41.79960632	8.102566719
Measurement 101	76883.71094	53.03887939	0.7316311	0.665784299	0.726999998	0.73162967	0.009532541	499.5003052	6.49682951	0.000662266	0.300000012	1.134292841	-5.644940853	228.9093628	954.2706909	6523.617188	7477.887695	25.10300255	26.68938065	-29.49672318	24.5072937	25.74878311	12.76123238	0	11.48846722	40.79960632	7.64912653
Measurement 102	74651.03906	53.4057045	0.767542779	0.698463857	0.726999998	0.767541111	0.008927131	499.8748169	6.696153164	0.000682584	0.300000012	1.12362504	-6.122122288	236.6326447	913.4334717	6577.347168	7490.780273	24.35534668	25.89109802	-27.18805504	23.77864838	25.12681198	12.19410229	0	11.48846722	40.69960785	7.652786732
Measurement 103	74898.73438	47.04714584	0.804796636	0.732364953	0.726999998	0.804794848	0.008135028	502.4745483	6.708718777	0.000683865	0.300000012	1.12256515	-5.469501972	248.5292511	877.8319702	6429.936523	7307.768555	24.43823433	25.90807724	-23.46335983	23.88628578	24.41963768	12.01231194	0	11.48846722	40.59960938	7.663477898
Measurement 104	66263.88281	45.74973679	0.872176051	0.793680191	0.726999998	0.872174025	0.007780408	499.3391418	7.535615921	0.000768157	0.300000012	1.113498926	-6.166536331	253.3358459	846.814209	5574.889648	6421.703613	21.55715752	22.99011612	-23.65854454	21.01906013	23.66683578	13.18675423	0	11.48846722	40.49960709	7.683514595
Measurement 105	62106.35938	36.74891281	1.202666044	1.094426155	0.726999998	1.20266211	0.004357567	498.3994446	8.024933815	0.000818036	0.300000012	1.138057947	-5.100564003	338.1946411	678.2345581	4757.682129	5435.916504	20.17614365	21.24752808	-17.27047539	19.77382278	26.13683319	12.47691345	0	11.48846722	40.3996048	7.709831238
Measurement 106	87880.30469	34.36385345	1.11260426	1.012469888	0.726999998	1.112600923	0.003619541	501.3418274	5.704825878	0.000581532	0.300000012	1.191305399	-6.293484688	372.1690369	614.4006958	6353.997559	6968.397949	28.8027668	29.78209305	-14.87623215	28.43501282	33.15192795	8.816957474	0	11.48846722	40.29960632	7.739311695
Measurement 107	86277.73438	45.93876266	1.227325201	1.116865993	0.726999998	1.227321148	0.003008881	497.8864441	5.770740509	0.000588251	0.300000012	1.340955019	-5.758935452	406.7828369	584.2967529	7125.394531	7709.691406	28.26178169	29.15160179	-23.84197998	27.92764091	43.29677963	7.578730583	0	11.48846722	40.19960403	7.775012016
Measurement 108	102863.4844	55.84780121	1.049309492	0.954871655	0.726999998	1.049306512	0.003449873	497.4840698	4.836352348	0.000493002	0.300000012	1.352408409	-6.701624394	379.7414551	607.2234497	9125.177734	9732.401367	33.89106369	34.84347916	-23.71151733	33.53342056	44.69642639	6.239194393	0	11.48846722	40.09960938	7.816959858
Measurement 109	96856.76563	79.7456131	1.190308929	1.083181024	0.726999998	1.190304995	0.00286421	500.4510193	5.166917801	0.000526699	0.300000012	1.331195593	-6.288402557	418.0019836	493.3329468	9939.341797	10432.6748	31.84454155	32.71493912	-19.21266556	31.51769066	43.37255859	4.728729248	0	11.48846722	39.99960709	7.872919083
Measurement 110	71940.90625	69.79170227	1.041668177	0.947918057	0.726999998	1.041665196	0.005009801	497.9237061	6.921287537	0.000705534	0.300000012	1.111505985	-5.724785805	315.2616882	665.0402832	6943.212891	7608.25293	23.44937325	24.59759521	-13.39748001	23.01819801	24.05668068	8.741038322	0	11.38846684	40.8996048	7.64840889
Measurement 111	79982.33594	61.20855331	1.027774572	0.935274899	0.726999998	1.027771711	0.004629385	497.9902344	6.226253033	0.000634684	0.300000012	1.122157693	-6.149942875	327.9810791	633.0582886	7127.364746	7760.422363	26.14260292	27.24644279	-11.72615051	25.72809219	25.66771889	8.157523155	0	11.38846684	40.99960709	7.663756371
Measurement 112	85848.44531	61.15010452	1.002136231	0.911943913	0.726999998	1.002133489	0.00449852	493.8139038	5.752158165	0.000586357	0.300000012	1.111936569	-5.287297726	331.319397	613.4038696	7568.934082	8182.337402	28.11697197	29.20052719	-8.950888634	27.7100811	25.5973053	7.496682644	0	11.38846684	41.09960556	7.686104775
Measurement 113	84454.1875	72.35588837	1.003847241	0.913501024	0.726999998	1.0038445	0.004561696	494.2999268	5.852876663	0.000596624	0.300000012	1.110437393	-6.430845738	329.1789856	611.0165405	7935.569336	8546.585938	27.64695549	28.73862839	-9.204249382	27.23701477	25.26805496	7.14924717	0	11.38846684	41.19960785	7.717065334
Measurement 114	88694.07031	83.27709961	0.998731256	0.908845425	0.726999998	0.998728573	0.004422128	498.1165466	5.616120338	0.000572489	0.300000012	1.122129202	-5.867500305	335.6215515	595.6002197	8901.264648	9496.864258	29.07771111	30.15669823	-10.82581997	28.67253685	27.61324692	6.271546364	0	11.38846684	41.29960632	7.754272938
Measurement 115	102051.4297	78.85962677	0.991795421	0.902533829	0.726999998	0.991792738	0.003894697	497.7882996	4.877818584	0.000497229	0.300000012	1.157650352	-5.932933807	357.5078125	549.3911743	10212.77246	10762.16309	33.61386871	34.62613297	-9.846529007	33.23374939	31.93992996	5.104840279	0	11.38846684	41.39960861	7.802424908
Measurement 116	115136.8438	90.205513	0.913691998	0.831459761	0.726999998	0.913689733	0.004122772	504.558136	4.382247925	0.000446712	0.300000012	1.169076085	-7.040699005	349.8331604	552.1363525	12401.31934	12953.45508	38.10086823	39.14940643	-7.759361267	37.70712662	32.52398682	4.262464047	0	11.38846684	41.49960709	7.859999657
Measurement 117	120671.3281	96.32516479	0.802221775	0.730021834	0.726999998	0.802219987	0.005094245	503.7104797	4.174234867	0.000425508	0.300000012	1.162293911	-6.343104839	314.4492798	613.9157104	13378.50098	13992.41699	40.01182175	41.1763916	-11.23988438	39.57450867	32.72169495	4.387488842	0	11.38846684	41.59960556	7.934737682
Measurement 118	118370.3984	104.1140442	0.70859921	0.64482528	0.726999998	0.708597839	0.006525809	493.8410034	4.171997547	0.00042528	0.300000012	1.118489504	-6.570463181	275.0910339	685.7088013	13053.83203	13739.54102	39.2163887	40.521492	-10.68075752	38.7263031	28.52189255	4.990769863	0	11.38846684	41.69960785	8.021941185
Measurement 119	78496.05469	62.58012009	0.931959927	0.848083496	0.726999998	0.931957543	0.005762582	500.2272034	6.372641563	0.000649607	0.300000012	1.12208271	-5.951113224	294.6287231	717.3616333	7294.050293	8011.412109	25.64366531	26.87798119	-16.08375931	25.18015862	25.30402756	8.954247475	0	11.38846684	40.79960632	7.643496513
Measurement 120	78285.33594	61.3811264	0.889341474	0.809300721	0.726999998	0.889339387	0.006359605	501.3669128	6.404353142	0.000652839	0.300000012	1.119902015	-5.600921154	280.7778015	759.6572266	7370.908691	8130.566406	25.57297134	26.87112808	-16.79046249	25.08549118	24.45156288	9.343226433	0	11.38846684	40.69960785	7.647868156
Measurement 121	80848.71094	51.3666687	0.896672487	0.815971911	0.726999998	0.896670342	0.006000424	496.6274719	6.14267683	0.000626165	0.300000012	1.114089489	-6.14559269	287.6897583	729.0929565	6857.70166	7586.794434	26.43368149	27.68867302	-14.70457745	25.96241188	24.55785179	9.61002636	0	11.38846684	40.59960938	7.656980991
Measurement 122	67293.78906	55.94702911	0.994024634	0.904562354	0.726999998	0.994021952	0.005880403	497.8335266	7.397911549	0.000754119	0.300000012	1.114378452	-6.047640324	290.963501	736.5708008	6119.648926	6856.219727	21.89988327	23.14376831	-16.78230667	21.43278503	23.33517075	10.74310398	0	11.38846684	40.49960709	7.677034855
Measurement 123	64202.24609	51.17676544	1.140795469	1.038123965	0.726999998	1.140792012	0.004664781	496.2546082	7.729551792	0.000787926	0.300000012	1.125571013	-5.294787884	326.1644592	673.6505737	5598.20166	6271.852051	20.87184334	21.97796249	-16.37887192	20.45647812	25.21011734	10.74085617	0	11.38846684	40.3996048	7.704907894
Measurement 124	79375.05469	49.33703232	1.152038693	1.048355222	0.726999998	1.152035117	0.003725122	499.6502991	6.294802666	0.000641672	0.300000012	1.14286983	-5.721925736	366.2374878	592.7077026	6658.956055	7251.663574	25.93868065	26.93051147	-12.69653606	25.56623077	29.04613495	8.17340374	0	11.38846684	40.29960632	7.737448692
Measurement 125	86040.36719	62.30702591	1.261213779	1.147704482	0.726999998	1.261209369	0.002896802	504.7839966	5.866827011	0.000598046	0.300000012	1.240376115	-6.095669746	417.4393311	539.7808838	8352.05957	8891.839844	28.18170738	29.06082344	-17.47784042	27.85158348	38.48590851	6.070519924	0	11.38846684	40.19960403	7.774700165
Measurement 126	109349.3125	55.78499603	1.201738715	1.093582273	0.726999998	1.201734901	0.002489796	500.6189575	4.578163147	0.000466683	0.300000012	1.429840684	-5.489854813	448.4063721	458.7227173	9203.977539	9662.700195	36.11096573	36.92261887	-14.81108284	35.80617905	46.33808136	4.747355938	0	11.38846684	40.09960938	7.821344376
Measurement 127	85777.72656	64.50088501	1.032077789	0.939190805	0.726999998	1.032074928	0.004337611	504.6121521	5.882787705	0.000599673	0.300000012	1.113150954	-5.544075489	341.0778809	613.6052856	7933.717773	8547.323242	28.09312248	29.16869164	-9.913166046	27.68922806	26.4162426	7.178917885	0	11.28846645	40.8996048	7.650711536
Measurement 128	126915.6641	32.60554886	0.826241493	0.751879752	0.726999998	0.826239646	0.004479031	494.1074829	3.893195152	0.00039686	0.300000012	1.119704247	-6.458589554	332.138092	594.3273926	7502.422852	8096.75	42.17744827	43.25897217	0.791633427	41.77131653	28.54646492	7.340320587	0	11.28846645	40.99960709	7.667638779
Measurement 129	95930.10938	50.94026566	0.948014855	0.862693548	0.726999998	0.948012412	0.0045171	495.8529663	5.168898106	0.000526901	0.300000012	1.106954455	-5.425376892	331.3191833	615.40448	7627.689453	8243.094727	31.52961731	32.61764908	-6.769527435	31.12104607	26.31773567	7.465697289	0	11.28846645	41.09960556	7.689249992
Measurement 130	77254.90625	83.67855835	1.008484006	0.917720497	0.726999998	1.008481264	0.004949916	495.1875305	6.409787655	0.000653393	0.300000012	1.106350541	-6.256307125	316.2903442	639.6887817	7746.154785	8385.84375	25.22742081	26.36561775	-10.54259682	24.80000877	23.57432747	7.628198147	0	11.28846645	41.19960785	7.720263958
Measurement 131	83071.57031	86.24097443	1.001178265	0.911072195	0.726999998	1.001175523	0.004672833	495.4082642	5.963632107	0.000607914	0.300000012	1.111495256	-5.751566887	325.6053162	614.5458374	8457.197266	9071.743164	27.18132401	28.2874527	-11.0567894	26.76595497	25.85886383	6.77428627	0	11.28846645	41.29960632	7.760550499
Measurement 132	96700.96875	89.55203247	1.008892655	0.91809237	0.726999998	1.008889914	0.00402168	504.0062866	5.212008953	0.000531296	0.300000012	1.129477263	-5.846700192	354.0089722	559.6932983	10348.93652	10908.63086	31.79157639	32.82661438	-8.984417915	31.4029026	29.36764908	5.130738735	0	11.28846645	41.39960861	7.808740139
Measurement 133	110650.0234	91.98194885	0.957643151	0.871455252	0.726999998	0.957640648	0.003877466	500.9734802	4.527549744	0.000461524	0.300000012	1.144642949	-6.937302589	359.4457703	528.0210571	11801.68164	12329.70313	36.55744171	37.57068634	-5.734127522	36.17694855	31.07097054	4.282512665	0	11.28846645	41.49960709	7.87092638
Measurement 134	113136.4219	102.9702911	0.820886493	0.747006774	0.726999998	0.820884705	0.005104014	495.4372864	4.379113674	0.000446393	0.300000012	1.143170476	-7.558862209	311.5576477	603.133667	12539.29785	13142.43164	37.41210556	38.56817627	-9.899289131	36.97798538	30.47895432	4.589209557	0	11.28846645	41.59960556	7.947220326
Measurement 135	82376.35156	69.63941193	1.024341226	0.932150483	0.726999998	1.024338365	0.004594324	505.6164246	6.137883186	0.000625676	0.300000012	1.113843799	-5.720536709	331.7414856	624.5748291	8133.500977	8758.076172	26.94736671	28.05540657	-10.94423485	26.53127861	25.58817101	7.131416321	0	11.28846645	40.79960632	7.646140099
Measurement 136	77813.70313	72.30541992	0.998054624	0.908229709	0.726999998	0.998051941	0.005115861	504.8834839	6.488362789	0.000661403	0.300000012	1.113769174	-5.449735165	314.1494141	660.5765991	7797.383301	8457.959961	25.41477966	26.58317375	-13.20232105	24.97602844	24.75539207	7.810117245	0	11.28846645	40.69960785	7.652106285
Measurement 137	71129.32813	72.92308044	1.029480457	0.936827242	0.726999998	1.029477596	0.00518122	497.3070984	6.991590023	0.0007127	0.300000012	1.111151815	-6.437631607	309.8106384	660.4570923	7154.386719	7814.84375	23.17840576	24.34538269	-13.71572781	22.74018478	23.71117783	8.451314926	0	11.28846645	40.59960938	7.662798405
Measurement 138	70137.49219	62.58885956	1.054246306	0.959364116	0.726999998	1.054243207	0.005079208	504.1246643	7.187663078	0.000732687	0.300000012	1.116056323	-5.383840084	315.0438538	677.8588867	6687.736328	7365.595215	22.84746361	24.01078987	-14.87394333	22.41061592	24.30032921	9.203042984	0	11.28846645	40.49960709	7.68286562
Measurement 139	63149.84766	67.15188599	1.211253882	1.102241039	0.726999998	1.211249828	0.004279343	504.80896	7.993827343	0.000814865	0.300000012	1.119341731	-5.38404417	343.4590454	623.2563477	6235.396973	6858.65332	20.52239037	21.59091949	-14.93070412	20.12113953	24.84837341	9.087153435	0	11.28846645	40.3996048	7.712282658
Measurement 140	129362.0625	28.69459534	0.941286206	0.856570363	0.726999998	0.941283763	0.003384816	493.9616699	3.81844306	0.00038924	0.300000012	1.117070913	-6.187642098	382.013855	517.5580444	7042.153809	7559.711914	43.02869034	43.96873474	6.916937828	42.6756897	28.65464973	6.846267223	0	11.28846645	40.29960632	7.746431828
Measurement 141	86421.5625	70.86727142	1.258367419	1.145114422	0.726999998	1.258363128	0.002845744	495.8382263	5.737436295	0.000584856	0.300000012	1.144928694	-6.116134644	417.4188843	480.4971313	8369.538086	8850.035156	28.31030846	29.17388916	-7.86284256	27.98602104	31.17918587	5.429324627	0	11.28846645	40.19960403	7.786815167
Measurement 142	76488.76563	79.83914948	1.131368995	1.029545784	0.726999998	1.131365538	0.004040264	503.6435852	6.584542751	0.000671207	0.300000012	1.109403014	-5.646361351	353.0667419	586.253418	7770.135742	8356.389648	24.97066307	26.00771523	-10.4052515	24.58123398	25.52640152	7.015630722	0	11.18846607	40.8996048	7.664674282
Measurement 143	69030.73438	88.98072815	1.161431551	1.056902766	0.726999998	1.161427856	0.004268064	506.0203857	7.330363274	0.000747234	0.300000012	1.113609791	-5.913928509	344.3249817	603.248291	7328.202148	7931.450195	22.47844505	23.54684448	-11.80059433	22.0772438	24.0524044	7.605775833	0	11.18846607	40.99960709	7.683162212
Measurement 144	73971.0625	75.45444489	1.06689322	0.970872819	0.726999998	1.066890121	0.00471218	505.1650696	6.82922554	0.000696149	0.300000012	1.116660237	-5.715360642	327.4203796	640.5909424	7368.280762	8008.871582	24.12787437	25.24953651	-13.1945467	23.70667267	24.91735077	7.99851656	0	11.18846607	41.09960556	7.706319809
Measurement 145	74893.66406	79.33837128	0.965141535	0.878278792	0.726999998	0.965139091	0.00567317	503.9190369	6.728459835	0.000685878	0.300000012	1.107728243	-6.202040196	298.0351563	696.3551636	7618.791992	8315.146484	24.43653679	25.6657505	-13.63911724	23.97494698	23.24625969	8.374538422	0	11.18846607	41.19960785	7.738044739
Measurement 146	164258.8281	33.3116684	0.910495341	0.828550756	0.726999998	0.910493076	0.002910966	504.695282	3.072561026	0.000313207	0.300000012	1.125854015	-6.323996544	416.3859558	441.4356079	9422.135742	9863.571289	55.3486824	56.22986603	19.81902695	55.01778412	30.03983688	4.475413799	0	11.18846607	41.29960632	7.776058674
Measurement 147	79324.89844	76.53481293	1.052567124	0.957836092	0.726999998	1.052564144	0.004502135	503.773407	6.35076046	0.000647376	0.300000012	1.108445168	-5.464399338	334.5094299	621.3850708	8061.918457	8683.302734	25.92184067	27.01670837	-10.43954754	25.51070023	24.87124252	7.156091213	0	11.18846607	40.79960632	7.658632278
Measurement 148	75374.78906	74.8094101	1.016616941	0.925121427	0.726999998	1.016614199	0.005051505	501.0364075	6.647268295	0.000677601	0.300000012	1.096104741	-6.30654192	314.9374084	646.5869751	7507.848633	8154.435547	24.59757805	25.75416946	-9.428813934	24.16326141	22.11503601	7.92926693	0	11.18846607	40.69960785	7.666248322
Measurement 149	75991.75781	64.6472168	0.981324673	0.893005431	0.726999998	0.98132205	0.005412296	504.2911377	6.636129379	0.000676466	0.300000012	1.104507566	-6.403576851	305.2459106	687.0992432	7134.516602	7821.615234	24.80417252	26.00523758	-12.19473553	24.35315323	23.12232971	8.784620285	0	11.18846607	40.59960938	7.680808067
Measurement 150	73109.50781	63.06100082	1.032078385	0.939191341	0.726999998	1.032075524	0.005087143	504.4067078	6.899331093	0.000703296	0.300000012	1.109056234	-5.39071703	314.8860779	673.6080322	6864.611328	7538.21875	23.83981514	25.00437355	-13.39715576	23.40250206	23.97293091	8.935903549	0	11.18846607	40.49960709	7.702388763
Measurement 151	65193.54688	79.08305359	1.212903261	1.103742003	0.726999998	1.212899208	0.004129211	504.2329407	7.734399319	0.00078842	0.300000012	1.120454431	-5.468436241	349.4476318	608.7902222	6734.885742	7343.675781	21.20124435	22.25026131	-14.0775032	20.80731964	25.17616463	8.289993286	0	11.18846607	40.3996048	7.733345509
Measurement 152	63522.39453	86.14616394	1.346760392	1.225551963	0.726999998	1.346755505	0.003398413	498.5291138	7.848085403	0.000800009	0.300000012	1.148832083	-5.854390144	383.0074463	537.8939209	6517.124023	7055.018066	20.64606285	21.59233856	-14.46171474	20.29072189	27.69942665	7.624273777	0	11.18846607	40.29960632	7.771355629
Measurement 153	75491.77344	81.60453796	1.03155601	0.938715935	0.726999998	1.031553149	0.004941754	505.4452209	6.69536829	0.000682504	0.300000012	1.098994732	-5.234498024	319.8132629	648.9607544	7827.507324	8476.46875	24.63674545	25.78572464	-10.88838387	24.20528603	23.2050209	7.656027317	0	11.0884676	40.8996048	7.692173004
Measurement 154	73218.07813	77.57952118	1.005213738	0.914744496	0.726999998	1.005210996	0.00533625	502.6655273	6.865319729	0.000699829	0.300000012	1.099310517	-5.804986954	306.9173584	670.0258179	7365.975098	8036.000488	23.87610435	25.06677628	-10.96228981	23.42898941	21.99861717	8.337802887	0	11.0884676	40.99960709	7.712178707
Measurement 155	74287.75781	76.55905151	0.95279485	0.867043376	0.726999998	0.952792466	0.005797437	497.8058777	6.701049328	0.000683084	0.300000012	1.092734575	-5.41907835	293.0299377	687.8508301	7472.879883	8160.730957	24.2338028	25.46884727	-11.13388443	23.77002335	21.5459404	8.428790093	0	11.0884676	41.09960556	7.735316753
Measurement 156	75567.57031	75.63413239	0.991639793	0.902392209	0.726999998	0.991637111	0.005323848	503.7055969	6.665631294	0.000679473	0.300000012	1.095788002	-5.319800377	307.5923767	670.4517822	7633.109375	8303.561523	24.66212463	25.85264206	-10.95485115	24.215065	22.47682953	8.074268341	0	11.0884676	40.79960632	7.688939095
Measurement 157	71965.67969	73.88928986	0.97669369	0.888791263	0.726999998	0.976691127	0.00577216	504.5316772	7.010725975	0.000714651	0.300000012	1.086524248	-5.840801716	295.6480408	698.3859253	7121.820313	7820.206543	23.45764732	24.69829369	-10.40851879	22.99176598	20.57206917	8.930529594	0	11.0884676	40.69960785	7.69726181
Measurement 158	68847.07031	74.36947632	0.975388765	0.88760376	0.726999998	0.975386202	0.006022363	502.2450256	7.295082092	0.000743637	0.300000012	1.105503917	-6.20487833	288.7848206	718.0683594	6797.316406	7515.384766	22.41723442	23.6816082	-15.58474445	21.94244194	22.57767868	9.554645538	0	11.0884676	40.59960938	7.711050987
Measurement 159	69007.24219	72.04759216	1.033027172	0.940054774	0.726999998	1.033024311	0.005358703	502.4414978	7.2809968	0.000742202	0.300000012	1.109277129	-5.445941448	306.2054749	678.5184937	6813.553223	7492.071777	22.47061539	23.66352272	-15.20579147	22.0226593	23.68832207	9.056487083	0	11.0884676	40.49960709	7.73347044
Measurement 160	69115.16406	71.28973389	1.198180199	1.090343952	0.726999998	1.198176384	0.004014087	507.1211548	7.33733511	0.000747945	0.300000012	1.091042876	-5.715052128	355.4368896	579.2074585	6888.943848	7468.151367	22.50658607	23.5438385	-7.328665733	22.1170826	21.63827324	7.755700588	0	11.0884676	40.3996048	7.767539978